time x y z V_A gamma chi
0 37.5 0 0 15 -0 0
0.504482 37.5 0 0 15 -0 0
1.00896 42.0403 0 0 15 -0 0
1.51345 46.5807 0 0 15 -0 0
2.01793 51.121 0 0 15 -0 0
2.52241 55.6613 0 0 15 -0 0
3.02689 60.2017 0 0 15 -0 0
3.53137 64.742 0 0 15 -0 0
4.03585 69.2824 0 0 15 -0 0
4.54034 73.8227 0 0 15 0.0660853 6.21696
4.80109 73.8227 0 0 15 0.0660853 6.21696
5.06185 76.1654 -0.155384 -0.155384 15 0.131402 6.15063
5.45252 76.1654 -0.155384 -0.155384 15 0.131402 6.15063
5.84319 79.6446 -0.619279 -0.619279 15 0.131402 6.15063
6.23387 83.1238 -1.08317 -1.08317 15 0.131402 6.15063
6.62454 86.603 -1.54707 -1.54707 15 0.131402 6.15063
7.01521 90.0822 -2.01096 -2.01096 15 0.131402 6.15063
7.40588 93.5614 -2.47486 -2.47486 15 0.131402 6.15063
7.79655 97.0406 -2.93875 -2.93875 15 0.131402 6.15063
8.18722 100.52 -3.40264 -3.40264 15 0.131402 6.15063
8.5779 103.999 -3.86654 -3.86654 15 0.131402 6.15063
8.96857 107.478 -4.33043 -4.33043 15 0.131402 6.15063
9.35924 110.957 -4.79433 -4.79433 15 0.131402 6.15063
9.74991 114.437 -5.25822 -5.25822 15 0.131402 6.15063
10.1406 117.916 -5.72212 -5.72212 15 0.131402 6.15063
10.5313 121.395 -6.18601 -6.18601 15 0.131402 6.15063
10.9219 124.874 -6.6499 -6.6499 15 0.131402 6.15063
11.3126 128.353 -7.1138 -7.1138 15 0.131402 6.15063
11.7033 131.833 -7.57769 -7.57769 15 0.131402 6.15063
12.0939 135.312 -8.04159 -8.04159 15 0.131402 6.15063
12.4846 138.791 -8.50548 -8.50548 15 0.131402 6.15063
12.8753 142.27 -8.96937 -8.96937 15 0.131402 6.15063
13.266 145.75 -9.43327 -9.43327 15 0.131402 6.15063
13.6566 149.229 -9.89716 -9.89716 15 0.131402 6.15063
14.0473 152.708 -10.3611 -10.3611 15 0.131402 6.15063
14.438 156.187 -10.825 -10.825 15 0.131402 6.15063
14.8286 159.666 -11.2888 -11.2888 15 0.131402 6.15063
15.2193 163.146 -11.7527 -11.7527 15 0.131402 6.15063
15.61 166.625 -12.2166 -12.2166 15 0.131402 6.15063
16.0007 170.104 -12.6805 -12.6805 15 0.131402 6.15063
16.3913 173.583 -13.1444 -13.1444 15 0.131402 6.15063
16.782 177.062 -13.6083 -13.6083 15 0.131402 6.15063
17.1727 180.542 -14.0722 -14.0722 15 0.131402 6.15063
17.5633 184.021 -14.5361 -14.5361 15 0.131402 6.15063
17.954 187.5 -15 -15 15 0.131402 6.15063
18.3355 187.5 -15 -15 15 0.131402 6.15063
18.7171 190.898 -15.453 -15.453 15 0.131402 6.15063
19.0986 194.296 -15.9061 -15.9061 15 0.131402 6.15063
19.4801 197.693 -16.3591 -16.3591 15 0.131402 6.15063
19.8617 201.091 -16.8122 -16.8122 15 0.131402 6.15063
20.2432 204.489 -17.2652 -17.2652 15 0.131402 6.15063
20.6247 207.887 -17.7183 -17.7183 15 0.131402 6.15063
21.0063 211.285 -18.1713 -18.1713 15 0.131402 6.15063
21.3878 214.683 -18.6243 -18.6243 15 0.131402 6.15063
21.7693 218.08 -19.0774 -19.0774 15 0.131402 6.15063
22.1509 221.478 -19.5304 -19.5304 15 0.131402 6.15063
22.5324 224.876 -19.9835 -19.9835 15 0.131402 6.15063
22.9139 228.274 -20.4365 -20.4365 15 0.131402 6.15063
23.2955 231.672 -20.8896 -20.8896 15 0.131402 6.15063
23.677 235.069 -21.3426 -21.3426 15 0.131402 6.15063
24.0585 238.467 -21.7956 -21.7956 15 0.131402 6.15063
24.4401 241.865 -22.2487 -22.2487 15 0.131402 6.15063
24.8216 245.263 -22.7017 -22.7017 15 0.131402 6.15063
25.2031 248.661 -23.1548 -23.1548 15 0.131402 6.15063
25.5847 252.059 -23.6078 -23.6078 15 0.131402 6.15063
25.9662 255.456 -24.0609 -24.0609 15 0.131402 6.15063
26.3477 258.854 -24.5139 -24.5139 15 0.131402 6.15063
26.7293 262.252 -24.9669 -24.9669 15 0.131402 6.15063
27.1108 265.65 -25.42 -25.42 15 0.131402 6.15063
27.4923 269.048 -25.873 -25.873 15 0.131402 6.15063
27.8739 272.445 -26.3261 -26.3261 15 0.131402 6.15063
28.2554 275.843 -26.7791 -26.7791 15 0.131402 6.15063
28.6369 279.241 -27.2322 -27.2322 15 0.131402 6.15063
29.0185 282.639 -27.6852 -27.6852 15 0.131402 6.15063
29.4 286.037 -28.1382 -28.1382 15 0.131402 6.15063
29.7815 289.435 -28.5913 -28.5913 15 0.131402 6.15063
30.1631 292.832 -29.0443 -29.0443 15 0.131402 6.15063
30.5446 296.23 -29.4974 -29.4974 15 0.108054 6.2572
30.9641 296.23 -29.4974 -29.4974 15 0.108054 6.2572
31.3835 299.981 -29.5949 -29.9043 15 0.0253191 0.187071
31.803 303.692 -28.8923 -30 15 -0 0.291457
32.1331 303.692 -28.8923 -30 15 -0 0.291457
32.4632 306.587 -28.024 -30 15 -0 0.291457
32.7933 309.481 -27.1558 -30 15 -0 0.291457
33.1234 312.375 -26.2875 -30 15 -0 0.291457
33.4535 315.269 -25.4192 -30 15 -0 0.291457
33.7836 318.163 -24.551 -30 15 -0 0.291457
34.1137 321.058 -23.6827 -30 15 -0 0.291457
34.4438 323.952 -22.8144 -30 15 -0 0.291457
34.774 326.846 -21.9461 -30 15 -0 0.291457
35.1041 329.74 -21.0779 -30 15 -0 0.291457
35.4342 332.635 -20.2096 -30 15 -0 0.291457
35.7643 335.529 -19.3413 -30 15 -0 0.291457
36.0944 338.423 -18.4731 -30 15 -0 0.291457
36.4245 341.317 -17.6048 -30 15 -0 0.291457
36.7546 344.212 -16.7365 -30 15 -0 0.291457
37.0847 347.106 -15.8683 -30 15 -0 0.291457
37.4148 350 -15 -30 15 -0 0.291457
37.7531 350 -15 -30 15 -0 0.291457
38.0914 352.966 -14.1101 -30 15 -0 0.291457
38.4297 355.932 -13.2203 -30 15 -0 0.291457
38.768 358.899 -12.3304 -30 15 -0 0.291457
39.1064 361.865 -11.4406 -30 15 -0 0.291457
39.4447 364.831 -10.5507 -30 15 -0 0.291457
39.783 367.797 -9.66088 -30 15 -0 0.291457
40.1213 370.763 -8.77103 -30 15 -0 0.291457
40.4596 373.729 -7.88118 -30 15 -0 0.291457
40.7979 376.696 -6.99132 -30 15 -0 0.291457
41.1362 379.662 -6.10147 -30 15 -0 0.291457
41.4745 382.628 -5.21162 -30 15 -0 0.291457
41.8128 385.594 -4.32177 -30 15 -0 0.291457
42.1512 388.56 -3.43191 -30 15 -0 0.291457
42.4895 391.526 -2.54206 -30 15 -0 0.291457
42.8278 394.493 -1.65221 -30 15 -0 0.291457
43.1661 397.459 -0.762355 -30 15 -0 0.219389
43.4552 397.459 -0.762355 -30 15 -0 0.219389
43.7443 400.021 -0.190959 -30 15 -0 0.0734218
44.0334 402.618 0 -30 15 -0 0
44.3442 402.618 0 -30 15 -0 0
44.6551 405.415 0 -30 15 -0 0
44.966 408.213 0 -30 15 -0 0
45.2768 411.011 0 -30 15 -0 0
45.5877 413.809 0 -30 15 -0 0
45.8986 416.607 0 -30 15 -0 0
46.2094 419.404 0 -30 15 -0 0
46.5203 422.202 0 -30 15 -0 0
46.8312 425 0 -30 15 -0 0
47.225 425 0 -30 15 -0 0
47.6188 428.544 0 -30 15 -0 0
48.0126 432.089 0 -30 15 -0 0
48.4065 435.633 0 -30 15 -0 0
48.8003 439.178 0 -30 15 -0 0.139754
49.351 439.178 0 -30 15 -0 0.139754
49.6263 444.095 0.691729 -30 15 -0 0.345943
49.9016 446.481 1.55182 -30 15 -0 0.47941
50.177 448.781 2.74746 -30 15 -0 0.608491
50.4523 450.967 4.27023 -30 15 -0 0.732558
50.7276 453.012 6.10941 -30 15 -0 0.851288
51.003 454.889 8.25203 -30 15 -0 0.964611
51.2783 456.574 10.683 -30 15 -0 1.01914
51.6421 456.574 10.683 -30 15 -0 1.01914
52.0058 458.663 14.0778 -30 15 -0 1.01914
52.3696 460.752 17.4726 -30 15 -0 1.01914
52.7333 462.842 20.8675 -30 15 -0 1.01914
53.0971 464.931 24.2623 -30 15 -0 1.01914
53.4609 467.02 27.6571 -30 15 -0 1.01914
53.8246 469.109 31.0519 -30 15 -0 1.01914
54.1884 471.198 34.4467 -30 15 -0 1.01914
54.5521 473.287 37.8415 -30 15 -0 1.01914
54.9159 475.376 41.2363 -30 15 -0 1.01914
55.2796 477.465 44.6311 -30 15 -0 1.01914
55.6434 479.554 48.0259 -30 15 -0 1.01914
56.0072 481.644 51.4208 -30 15 -0 1.01914
56.3709 483.733 54.8156 -30 15 -0 1.01914
56.7347 485.822 58.2104 -30 15 -0 1.01914
57.0984 487.911 61.6052 -30 15 -0 1.01914
57.4622 490 65 -30 15 -0 1.01914
57.5187 490 65 -30 15 -0 1.01914
57.5751 490.324 65.527 -30 15 -0 0.944546
57.9505 490.324 65.527 -30 15 -0 0.944546
58.3258 492.67 68.7703 -30 15 -0 0.787385
58.7011 495.357 71.4674 -30 15 -0 0.62022
59.0765 498.319 73.5831 -30 15 -0 0.443693
59.4518 501.489 75.0895 -30 15 -0 0.259473
59.8271 504.795 75.9672 -30 15 -0 0.0702965
60.2025 508.165 76.2045 -30 15 -0 6.1629
60.5778 511.525 75.7983 -30 15 -0 5.97471
60.9531 514.802 74.754 -30 15 -0 5.79228
61.3285 517.924 73.0853 -30 15 -0 5.6181
61.7038 520.82 70.8139 -30 15 -0 5.45354
62.0791 523.423 67.9695 -30 15 -0 5.29901
62.4545 525.67 64.5895 -30 15 -0 5.15421
62.8298 527.501 60.7179 -30 15 -0 5.01842
63.2051 528.863 56.4054 -30 15 -0 4.8907
63.3928 529.71 51.7084 -30 15 -0 4.79981
63.5805 529.927 49.2348 -30 15 -0 4.74112
63.7681 530 46.6884 -30 15 -0 4.71239
64.0716 530 46.6884 -30 15 -0 4.71239
64.3751 530 42.5163 -30 15 -0 4.71239
64.6786 530 38.3442 -30 15 -0 4.71239
64.982 530 34.1721 -30 15 -0 4.71239
65.2855 530 30 -30 15 -0 4.71239
65.5591 530 30 -30 15 -0 4.71239
65.8326 530 26.2392 -30 15 -0 4.71239
66.1062 530 22.4784 -30 15 -0 4.71239
66.3798 530 18.7176 -30 15 -0 4.71239
66.6533 530 14.9568 -30 15 -0 4.67783
66.8812 530 14.9568 -30 15 -0 4.67783
67.1091 529.89 11.779 -30 15 -0 4.61036
67.3369 529.557 8.52158 -30 15 -0 4.54473
67.5648 528.995 5.20028 -30 15 -0 4.48078
67.7927 528.2 1.83109 -30 15 -0 4.41834
68.0206 527.17 -1.56972 -30 15 -0 4.35729
68.2485 525.903 -4.98575 -30 15 -0 4.29749
68.4763 524.399 -8.40052 -30 15 -0 4.23883
68.7042 522.658 -11.7976 -30 15 -0 4.18121
68.9321 520.683 -15.1605 -30 15 -0 4.12453
69.16 518.475 -18.473 -30 15 -0 4.0687
69.3879 516.039 -21.7193 -30 15 -0 4.01365
69.6157 513.381 -24.8835 -30 15 -0 3.95931
69.8436 510.506 -27.9505 -30 15 -0 3.90559
70.0715 507.422 -30.9054 -30 15 -0 3.85246
70.2994 504.137 -33.7341 -30 15 -0 3.79984
70.5273 500.66 -36.4227 -30 15 -0 3.74769
70.7551 497.001 -38.9585 -30 15 -0 3.69596
70.983 493.173 -41.3291 -30 15 -0 3.6446
71.2109 489.185 -43.5231 -30 15 -0 3.59357
71.4388 485.051 -45.5299 -30 15 -0 3.54284
71.6667 480.785 -47.3399 -30 15 -0 3.49235
71.8945 476.401 -48.9442 -30 15 -0 3.44209
72.1224 471.912 -50.3352 -30 15 -0 3.39201
72.3503 467.334 -51.5062 -30 15 -0 3.34209
72.5782 462.682 -52.4515 -30 15 -0 3.29228
72.8061 457.973 -53.1666 -30 15 -0 3.24257
73.0339 453.222 -53.6479 -30 15 -0 3.19291
73.2618 448.446 -53.8932 -30 15 -0 3.14329
73.4897 443.662 -53.9013 -30 15 -0 3.09366
73.7176 438.885 -53.6721 -30 15 -0 3.04401
73.9455 434.132 -53.2069 -30 15 -0 2.9943
74.1733 429.419 -52.5077 -30 15 -0 2.9694
74.3486 429.419 -52.5077 -30 15 -0 2.9694
74.5239 425.814 -51.8807 -30 15 -0 2.9694
74.6991 422.21 -51.2538 -30 15 -0 2.9694
74.8744 418.605 -50.6269 -30 15 -0 2.9694
75.0497 415 -50 -30 15 -0 2.9694
75.181 415 -50 -30 15 -0 2.9694
75.3124 412.299 -49.5302 -30 15 -0 2.9694
75.4437 409.597 -49.0604 -30 15 -0 2.9694
75.5751 406.896 -48.5906 -30 15 -0 2.9694
75.7064 404.194 -48.1207 -30 15 -0 2.9694
75.8378 401.493 -47.6509 -30 15 -0 2.9694
75.9691 398.791 -47.1811 -30 15 -0 2.9694
76.1005 396.09 -46.7113 -30 15 -0 2.9694
76.2318 393.388 -46.2415 -30 15 -0 2.9694
76.3631 390.687 -45.7717 -30 15 -0 2.9694
76.4945 387.986 -45.3018 -30 15 -0 2.9694
76.6258 385.284 -44.832 -30 15 -0 2.9694
76.7572 382.583 -44.3622 -30 15 -0 2.9694
76.8885 379.881 -43.8924 -30 15 -0 2.9694
77.0199 377.18 -43.4226 -30 15 -0 2.9694
77.1512 374.478 -42.9528 -30 15 -0 2.9694
77.2826 371.777 -42.4829 -30 15 -0 2.9694
77.4139 369.075 -42.0131 -30 15 -0 2.9694
77.5453 366.374 -41.5433 -30 15 -0 2.9694
77.6766 363.673 -41.0735 -30 15 -0 2.9694
77.808 360.971 -40.6037 -30 15 -0 2.9694
77.9393 358.27 -40.1339 -30 15 -0 2.9694
78.0707 355.568 -39.664 -30 15 -0 2.9694
78.202 352.867 -39.1942 -30 15 -0 2.9694
78.3333 350.165 -38.7244 -30 15 -0 2.9694
78.4647 347.464 -38.2546 -30 15 -0 2.9694
78.596 344.762 -37.7848 -30 15 -0 2.9694
78.7274 342.061 -37.315 -30 15 -0 2.9694
78.8587 339.36 -36.8451 -30 15 -0 2.9694
78.9901 336.658 -36.3753 -30 15 -0 2.9694
79.1214 333.957 -35.9055 -30 15 -0 2.9694
79.2528 331.255 -35.4357 -30 15 -0 2.9694
79.3841 328.554 -34.9659 -30 15 -0 2.95078
79.5546 328.554 -34.9659 -30 15 -0 2.95078
79.725 325.065 -34.292 -30 15 -0 2.91347
79.8954 321.615 -33.491 -30 15 -0 2.87608
80.0659 318.21 -32.5649 -30 15 -0 2.8386
80.2363 314.856 -31.5164 -30 15 -0 2.80102
80.4068 311.559 -30.3482 -30 15 -0 2.76331
80.5772 308.326 -29.0635 -30 15 -0 2.72548
80.7476 305.163 -27.6657 -30 15 -0 2.6875
80.9181 302.076 -26.1586 -30 15 -0 2.64935
81.0885 299.07 -24.5464 -30 15 -0 2.61102
81.259 296.15 -22.8332 -30 15 -0 2.5725
81.4294 293.321 -21.0239 -30 15 -0 2.53376
81.5999 290.589 -19.1232 -30 15 -0 2.49478
81.7703 287.958 -17.1363 -30 15 -0 2.45555
81.9407 285.432 -15.0685 -30 15 -0 2.41605
82.1112 283.016 -12.9254 -30 15 -0 2.37624
82.2816 280.713 -10.7129 -30 15 -0 2.35619
82.4849 280.713 -10.7129 -30 15 -0 2.35619
82.6882 278.035 -8.03468 -30 15 -0 2.35619
82.8915 275.356 -5.35646 -30 15 -0 2.35619
83.0948 272.678 -2.67823 -30 15 -0 2.35619
83.2981 270 0 -30 15 -0 2.35619
83.4624 270 0 -30 15 -0 2.35619
83.6267 267.836 2.16382 -30 15 -0 2.35619
83.7909 265.672 4.32763 -30 15 -0 2.38204
84.0107 265.672 4.32763 -30 15 -0 2.38204
84.2305 262.681 7.16824 -30 15 -0 2.43326
84.4503 259.503 9.89048 -30 15 -0 2.484
84.6701 256.147 12.4821 -30 15 -0 2.5343
84.8899 252.622 14.9316 -30 15 -0 2.58422
85.1097 248.938 17.2278 -30 15 -0 2.63378
85.3295 245.106 19.3605 -30 15 -0 2.68304
85.5493 241.136 21.3201 -30 15 -0 2.73201
85.7691 237.041 23.0978 -30 15 -0 2.78075
85.9889 232.834 24.6856 -30 15 -0 2.82927
86.2087 228.526 26.0765 -30 15 -0 2.87762
86.4286 224.132 27.2641 -30 15 -0 2.92581
86.6484 219.666 28.2431 -30 15 -0 2.97389
86.8682 215.141 29.0091 -30 15 -0 3.02187
87.088 210.572 29.5588 -30 15 -0 3.06979
87.3078 205.973 29.8896 -30 15 -0 3.11766
87.5276 201.36 30 -30 15 -0 3.14159
87.7223 201.36 30 -30 15 -0 3.14159
87.9171 197.27 30 -30 15 -0 3.14159
88.1118 193.18 30 -30 15 -0 3.14159
88.3066 189.09 30 -30 15 -0 3.14159
88.5014 185 30 -30 15 -0 3.14159
88.6961 185 30 -30 15 -0 3.14159
88.8909 180.91 30 -30 15 -0 3.14159
89.0856 176.82 30 -30 15 -0 3.14159
89.2804 172.73 30 -30 15 -0 3.14159
89.4752 168.64 30 -30 15 -0 3.16552
89.695 168.64 30 -30 15 -0 3.16552
89.9148 164.027 29.8896 -30 15 -0 3.2134
90.1346 159.428 29.5588 -30 15 -0 3.26132
90.3544 154.859 29.0091 -30 15 -0 3.3093
90.5742 150.334 28.2431 -30 15 -0 3.35737
90.794 145.868 27.2641 -30 15 -0 3.40557
91.0138 141.474 26.0765 -30 15 -0 3.45391
91.2336 137.166 24.6856 -30 15 -0 3.50244
91.4534 132.959 23.0978 -30 15 -0 3.55117
91.6732 128.864 21.3201 -30 15 -0 3.60015
91.893 124.894 19.3605 -30 15 -0 3.6494
92.1128 121.062 17.2278 -30 15 -0 3.69897
92.3326 117.378 14.9316 -30 15 -0 3.74888
92.5524 113.853 12.4821 -30 15 -0 3.79919
92.7722 110.497 9.89049 -30 15 -0 3.84992
92.992 107.319 7.16824 -30 15 -0 3.90114
93.2118 104.328 4.32763 -30 15 -0 3.92699
93.4427 104.328 4.32763 -30 15 -0 3.92699
93.6735 101.287 1.28668 -30 15 -0 3.92699
93.9043 98.2457 -1.75428 -30 15 -0 3.92699
94.1352 95.2048 -4.79523 -30 15 -0 3.92699
94.366 92.1638 -7.83618 -30 15 -0 3.92699
94.5969 89.1229 -10.8771 -30 15 -0 3.92699
94.8277 86.0819 -13.9181 -30 15 -0 3.92699
95.0585 83.041 -16.959 -30 15 -0 3.92699
95.2894 80 -20 -30 15 -0 3.92699
95.3592 80 -20 -30 15 -0 3.92699
95.4291 79.0796 -20.9204 -30 15 -0 3.94856
95.6122 79.0796 -20.9204 -30 15 -0 3.94856
95.7952 76.7363 -23.367 -30 15 -0 3.99205
95.9782 74.5313 -25.8793 -30 15 -0 4.03598
96.1613 72.4683 -28.4494 -30 15 -0 4.08039
96.3443 70.55 -31.0693 -30 15 -0 4.1253
96.5273 68.7792 -33.7308 -30 15 -0 4.17077
96.7104 67.1578 -36.4257 -30 15 -0 4.21683
96.8934 65.6875 -39.1456 -30 15 -0 4.26353
97.0765 64.3696 -41.8821 -30 15 -0 4.31094
97.2595 63.2045 -44.6265 -30 15 -0 4.35909
97.4425 62.1927 -47.3703 -30 15 -0 4.40806
97.6256 61.3337 -50.1051 -30 15 -0 4.45791
97.8086 60.6269 -52.8223 -30 15 -0 4.5087
97.9917 60.0711 -55.5134 -30 15 -0 4.56051
98.1747 59.6645 -58.1701 -30 15 -0 4.61343
98.3577 59.4049 -60.784 -30 15 -0 4.66753
98.7238 59.2899 -63.3472 -30 15 -0 4.75095
99.0899 59.4806 -68.2891 -30 15 -0 4.86746
99.456 60.2068 -72.9345 -30 15 -0 4.99056
99.822 61.4322 -77.2255 -30 15 -0 5.12114
100.188 63.1142 -81.1087 -30 15 -0 5.26009
100.554 65.2045 -84.5358 -30 15 -0 5.40815
100.92 67.6499 -87.4641 -30 15 -0 5.56573
101.286 70.3925 -89.8572 -30 15 -0 5.73267
101.652 73.3708 -91.6854 -30 15 -0 5.81954
102.074 73.3708 -91.6854 -30 15 -0 5.81954
102.495 76.9102 -93.4551 -30 15 -0 5.81954
102.916 80.4495 -95.2247 -30 15 -0 5.81954
103.338 83.9888 -96.9944 -30 15 -0 5.81954
103.759 87.5281 -98.7641 -30 15 -0 5.81954
104.181 91.0675 -100.534 -30 15 -0 5.81954
104.602 94.6068 -102.303 -30 15 -0 5.81954
105.023 98.1461 -104.073 -30 15 -0 5.81954
105.445 101.685 -105.843 -30 15 -0 5.81954
105.866 105.225 -107.612 -30 15 -0 5.81954
106.287 108.764 -109.382 -30 15 -0 5.81954
106.709 112.303 -111.152 -30 15 -0 5.81954
107.13 115.843 -112.921 -30 15 -0 5.81954
107.551 119.382 -114.691 -30 15 -0 5.81954
107.973 122.921 -116.461 -30 15 -0 5.81954
108.394 126.461 -118.23 -30 15 -0 5.81954
108.815 130 -120 -30 15 -0 5.81954
109.085 130 -120 -30 15 -0 5.81954
109.354 132.262 -121.131 -30 15 -0 5.81954
109.623 134.523 -122.262 -30 15 -0 5.81954
109.892 136.785 -123.392 -30 15 -0 5.81954
110.162 139.046 -124.523 -30 15 -0 5.81954
110.431 141.308 -125.654 -30 15 -0 5.81954
110.7 143.57 -126.785 -30 15 -0 5.81954
110.969 145.831 -127.916 -30 15 -0 5.81954
111.239 148.093 -129.046 -30 15 -0 5.81954
111.508 150.355 -130.177 -30 15 -0 5.81954
111.777 152.616 -131.308 -30 15 -0 5.81954
112.046 154.878 -132.439 -30 15 -0 5.81954
112.315 157.139 -133.57 -30 15 -0 5.81954
112.585 159.401 -134.701 -30 15 -0 5.81954
112.854 161.663 -135.831 -30 15 -0 5.81954
113.123 163.924 -136.962 -30 15 -0 5.81954
113.392 166.186 -138.093 -30 15 -0 5.81954
113.662 168.447 -139.224 -30 15 -0 5.81954
113.931 170.709 -140.355 -30 15 -0 5.81954
114.2 172.971 -141.485 -30 15 -0 5.81954
114.469 175.232 -142.616 -30 15 -0 5.81954
114.739 177.494 -143.747 -30 15 -0 5.81954
115.008 179.756 -144.878 -30 15 -0 5.81954
115.277 182.017 -146.009 -30 15 -0 5.81954
115.546 184.279 -147.139 -30 15 -0 5.81954
115.816 186.54 -148.27 -30 15 -0 5.81954
116.085 188.802 -149.401 -30 15 -0 5.81954
116.354 191.064 -150.532 -30 15 -0 5.81954
116.623 193.325 -151.663 -30 15 -0 5.81954
116.893 195.587 -152.793 -30 15 -0 5.81954
117.162 197.849 -153.924 -30 15 -0 5.81954
117.431 200.11 -155.055 -30 15 -0 5.81954
117.7 202.372 -156.186 -30 15 -0 5.88742
117.982 202.372 -156.186 -30 15 -0 5.88742
118.263 204.782 -157.193 -30 15 -0 6.02624
118.545 207.263 -157.845 -30 15 -0 6.16783
118.826 209.784 -158.137 -30 15 -0 0.0275408
119.108 212.316 -158.067 -30 15 -0 0.17012
119.389 214.825 -157.636 -30 15 -0 0.310808
119.67 217.283 -156.847 -30 15 -0 0.448213
119.952 219.657 -155.705 -30 15 -0 0.581239
120.233 221.919 -154.219 -30 15 -0 0.70914
120.515 224.039 -152.4 -30 15 -0 0.831507
120.796 225.989 -150.262 -30 15 -0 0.948221
121.078 227.742 -147.819 -30 15 -0 1.05939
121.359 229.273 -145.091 -30 15 -0 1.16527
121.641 230.559 -142.096 -30 15 -0 1.26621
121.922 231.577 -138.858 -30 15 -0 1.36262
122.204 232.307 -135.4 -30 15 -0 1.4549
122.485 232.732 -131.747 -30 15 -0 1.49949
122.784 232.732 -131.747 -30 15 -0 1.49949
123.082 233.016 -127.779 -30 15 -0 1.49949
123.381 233.299 -123.81 -30 15 -0 1.49949
123.679 233.583 -119.842 -30 15 -0 1.49949
123.978 233.866 -115.873 -30 15 -0 1.49949
124.276 234.15 -111.905 -30 15 -0 1.49949
124.575 234.433 -107.937 -30 15 -0 1.49949
124.873 234.717 -103.968 -30 15 -0 1.49949
125.172 235 -100 -30 15 -0 1.49949
125.44 235 -100 -30 15 -0 1.49949
125.709 235.255 -96.4302 -30 15 -0 1.49949
125.977 235.51 -92.8604 -30 15 -0 1.49949
126.246 235.765 -89.2906 -30 15 -0 1.49949
126.514 236.02 -85.7209 -30 15 -0 1.49949
126.783 236.275 -82.1511 -30 15 -0 1.49949
127.052 236.53 -78.5813 -30 15 -0 1.49949
127.32 236.785 -75.0115 -30 15 -0 1.49949
127.589 237.04 -71.4417 -30 15 -0 1.49949
127.857 237.295 -67.8719 -30 15 -0 1.49949
128.126 237.55 -64.3021 -30 15 -0 1.49949
128.394 237.805 -60.7323 -30 15 -0 1.49949
128.663 238.06 -57.1626 -30 15 -0 1.49949
128.931 238.315 -53.5928 -30 15 -0 1.49949
129.2 238.57 -50.023 -30 15 -0 1.49949
129.469 238.825 -46.4532 -30 15 -0 1.49949
129.737 239.08 -42.8834 -30 15 -0 1.46118
129.979 239.08 -42.8834 -30 15 -0 1.46118
130.221 239.427 -39.7302 -30 15 -0 1.38227
130.463 240.001 -36.7183 -30 15 -0 1.30037
130.705 240.793 -33.8641 -30 15 -0 1.21523
130.948 241.788 -31.1831 -30 15 -0 1.12658
131.19 242.975 -28.69 -30 15 -0 1.03417
131.432 244.338 -26.3982 -30 15 -0 0.937799
131.674 245.863 -24.3203 -30 15 -0 0.837308
131.916 247.532 -22.4676 -30 15 -0 0.785398
132.307 247.532 -22.4676 -30 15 -0 0.785398
132.699 250.341 -19.6591 -30 15 -0 0.785398
133.09 253.149 -16.8507 -30 15 -0 0.785398
133.482 255.958 -14.0422 -30 15 -0 0.785398
133.873 258.766 -11.2338 -30 15 -0 0.785398
134.265 261.575 -8.42534 -30 15 -0 0.785398
134.656 264.383 -5.61689 -30 15 -0 0.785398
135.048 267.192 -2.80845 -30 15 -0 0.785398
135.439 270 0 -30 15 -0 0.785398
135.627 270 0 -30 15 -0 0.785398
135.815 271.348 1.34838 -30 15 -0 0.717597
136.126 271.348 1.34838 -30 15 -0 0.717597
136.436 273.674 3.37814 -30 15 -0 0.576658
136.746 276.172 5.00319 -30 15 -0 0.429518
137.057 278.805 6.20899 -30 15 -0 0.27722
137.367 281.531 6.98477 -30 15 -0 0.121313
137.677 284.31 7.32358 -30 15 -0 6.24694
137.988 287.101 7.22239 -30 15 -0 6.08988
138.298 289.861 6.68211 -30 15 -0 5.93541
138.609 292.549 5.70756 -30 15 -0 5.78532
138.919 295.125 4.30748 -30 15 -0 5.64093
139.229 297.549 2.49437 -30 15 -0 5.50305
139.54 299.782 0.284465 -30 15 -0 5.37202
139.85 301.788 -2.30247 -30 15 -0 5.24779
140.16 303.533 -5.2433 -30 15 -0 5.13008
140.471 304.983 -8.5117 -30 15 -0 5.01842
140.781 306.11 -12.0785 -30 15 -0 4.91228
141.091 306.887 -15.9116 -30 15 -0 4.86128
141.357 306.887 -15.9116 -30 15 -0 4.86128
141.622 307.394 -19.2922 -30 15 -0 4.86128
141.887 307.901 -22.6727 -30 15 -0 4.86128
142.152 308.408 -26.0532 -30 15 -0 4.86128
142.418 308.915 -29.4337 -30 15 -0 4.86128
142.683 309.422 -32.8143 -30 15 -0 4.86128
142.948 309.929 -36.1948 -30 15 -0 4.86128
143.214 310.436 -39.5753 -30 15 -0 4.86128
143.479 310.943 -42.9558 -30 15 -0 4.86128
143.744 311.45 -46.3363 -30 15 -0 4.86128
144.009 311.958 -49.7169 -30 15 -0 4.86128
144.275 312.465 -53.0974 -30 15 -0 4.86128
144.54 312.972 -56.4779 -30 15 -0 4.86128
144.805 313.479 -59.8584 -30 15 -0 4.86128
145.07 313.986 -63.239 -30 15 -0 4.86128
145.336 314.493 -66.6195 -30 15 -0 4.86128
145.601 315 -70 -30 15 -0 4.86128
145.977 315 -70 -30 15 -0 4.86128
146.354 315.72 -74.7968 -30 15 -0 4.86128
146.73 316.439 -79.5936 -30 15 -0 4.86128
147.107 317.159 -84.3904 -30 15 -0 4.86128
147.483 317.878 -89.1872 -30 15 -0 4.86128
147.859 318.598 -93.984 -30 15 -0 4.86128
148.236 319.317 -98.7808 -30 15 -0 4.86128
148.612 320.037 -103.578 -30 15 -0 4.86128
148.989 320.756 -108.374 -30 15 -0 4.86128
149.365 321.476 -113.171 -30 15 -0 4.86128
149.741 322.195 -117.968 -30 15 -0 4.86128
150.118 322.915 -122.765 -30 15 -0 4.86128
150.494 323.634 -127.562 -30 15 -0 4.86128
150.871 324.354 -132.358 -30 15 -0 4.86128
151.247 325.073 -137.155 -30 15 -0 4.86128
151.623 325.793 -141.952 -30 15 -0 4.86128
152 326.512 -146.749 -30 15 -0 4.89538
152.208 326.512 -146.749 -30 15 -0 4.89538
152.416 326.993 -149.347 -30 15 -0 4.96542
152.832 327.635 -151.831 -30 15 -0 5.0747
153.249 329.372 -156.413 -30 15 -0 5.22996
153.665 331.655 -160.423 -30 15 -0 5.39681
154.081 334.408 -163.796 -30 15 -0 5.57593
154.497 337.544 -166.477 -30 15 -0 5.7671
154.914 340.975 -168.424 -30 15 -0 5.9687
155.33 344.605 -169.604 -30 15 -0 6.1775
155.746 348.334 -170 -30 15 -0 0
156.186 348.334 -170 -30 15 -0 0
156.626 352.292 -170 -30 15 -0 0
157.066 356.251 -170 -30 15 -0 0
157.505 360.209 -170 -30 15 -0 0
157.945 364.167 -170 -30 15 -0 0
158.385 368.125 -170 -30 15 -0 0
158.825 372.084 -170 -30 15 -0 0
159.265 376.042 -170 -30 15 -0 0
159.704 380 -170 -30 15 -0 0
160.089 380 -170 -30 15 -0 0
160.474 383.465 -170 -30 15 -0 0
160.859 386.93 -170 -30 15 -0 0
161.244 390.395 -170 -30 15 -0 0
161.629 393.86 -170 -30 15 -0 0
162.014 397.326 -170 -30 15 -0 0
162.399 400.791 -170 -30 15 -0 0
162.784 404.256 -170 -30 15 -0 0
163.169 407.721 -170 -30 15 -0 0.120665
163.645 407.721 -170 -30 15 -0 0.120665
164.12 411.974 -169.484 -30 15 -0 0.358181
164.595 416.078 -167.948 -30 15 -0 0.585288
165.071 419.887 -165.423 -30 15 -0 0.797855
165.308 423.262 -161.963 -30 15 -0 0.946471
165.546 424.746 -159.904 -30 15 -0 1.04077
165.784 426.072 -157.64 -30 15 -0 1.13125
166.021 427.228 -155.183 -30 15 -0 1.21813
166.259 428.199 -152.545 -30 15 -0 1.30163
166.497 428.972 -149.74 -30 15 -0 1.38201
166.734 429.537 -146.784 -30 15 -0 1.45951
166.972 429.883 -143.691 -30 15 -0 1.53437
167.21 430 -140.478 -30 15 -0 1.5708
167.396 430 -140.478 -30 15 -0 1.5708
167.582 430 -137.919 -30 15 -0 1.5708
167.768 430 -135.359 -30 15 -0 1.5708
167.955 430 -132.799 -30 15 -0 1.5708
168.141 430 -130.239 -30 15 -0 1.5708
168.327 430 -127.679 -30 15 -0 1.5708
168.513 430 -125.12 -30 15 -0 1.5708
168.699 430 -122.56 -30 15 -0 1.5708
168.886 430 -120 -30 15 -0 1.5708
169.071 430 -120 -30 15 -0 1.5708
169.257 430 -117.445 -30 15 -0 1.61939
169.578 430 -117.445 -30 15 -0 1.61939
169.899 429.781 -112.944 -30 15 -0 1.71335
170.22 429.114 -108.298 -30 15 -0 1.80387
170.381 427.988 -103.552 -30 15 -0 1.86965
170.541 427.249 -101.155 -30 15 -0 1.91272
170.702 426.393 -98.7496 -30 15 -0 1.95515
170.862 425.419 -96.3422 -30 15 -0 1.99699
171.023 424.328 -93.9381 -30 15 -0 2.03827
171.183 423.119 -91.5433 -30 15 -0 2.07904
171.344 421.793 -89.1633 -30 15 -0 2.11932
171.504 420.351 -86.8038 -30 15 -0 2.15914
171.665 418.795 -84.4707 -30 15 -0 2.19855
171.825 417.125 -82.1693 -30 15 -0 2.23755
171.986 415.343 -79.9053 -30 15 -0 2.27619
172.147 413.452 -77.6841 -30 15 -0 2.31448
172.307 411.452 -75.5109 -30 15 -0 2.35246
172.468 409.348 -73.391 -30 15 -0 2.39013
172.628 407.142 -71.3294 -30 15 -0 2.42752
172.789 404.836 -69.3312 -30 15 -0 2.46466
172.949 402.434 -67.401 -30 15 -0 2.50156
173.11 399.94 -65.5435 -30 15 -0 2.53823
173.27 397.356 -63.7631 -30 15 -0 2.57469
173.431 394.687 -62.0641 -30 15 -0 2.61097
173.591 391.937 -60.4506 -30 15 -0 2.64707
173.752 389.111 -58.9265 -30 15 -0 2.68301
173.912 386.212 -57.4953 -30 15 -0 2.7188
174.073 383.245 -56.1605 -30 15 -0 2.75446
174.233 380.215 -54.9253 -30 15 -0 2.79
174.394 377.128 -53.7927 -30 15 -0 2.82543
174.554 373.988 -52.7654 -30 15 -0 2.84309
174.782 373.988 -52.7654 -30 15 -0 2.84309
175.01 369.494 -51.3827 -30 15 -0 2.84309
175.238 365 -50 -30 15 -0 2.84309
175.376 365 -50 -30 15 -0 2.84309
175.515 362.269 -49.1597 -30 15 -0 2.84309
175.653 359.538 -48.3193 -30 15 -0 2.84309
175.792 356.807 -47.479 -30 15 -0 2.84309
175.93 354.076 -46.6387 -30 15 -0 2.84309
176.069 351.345 -45.7983 -30 15 -0 2.84309
176.207 348.614 -44.958 -30 15 -0 2.84309
176.346 345.882 -44.1177 -30 15 -0 2.84309
176.484 343.151 -43.2773 -30 15 -0 2.84309
176.623 340.42 -42.437 -30 15 -0 2.84309
176.761 337.689 -41.5967 -30 15 -0 2.84309
176.9 334.958 -40.7564 -30 15 -0 2.84309
177.038 332.227 -39.916 -30 15 -0 2.84309
177.177 329.496 -39.0757 -30 15 -0 2.84309
177.316 326.765 -38.2354 -30 15 -0 2.84309
177.454 324.034 -37.395 -30 15 -0 2.84309
177.593 321.303 -36.5547 -30 15 -0 2.8283
177.727 321.303 -36.5547 -30 15 -0 2.8283
177.861 318.669 -35.7015 -30 15 -0 2.79864
177.996 316.072 -34.7741 -30 15 -0 2.7689
178.13 313.514 -33.7742 -30 15 -0 2.73909
178.265 310.999 -32.7034 -30 15 -0 2.70919
178.399 308.529 -31.5635 -30 15 -0 2.67919
178.534 306.108 -30.3563 -30 15 -0 2.64908
178.668 303.737 -29.084 -30 15 -0 2.61887
178.802 301.419 -27.7487 -30 15 -0 2.58853
178.937 299.158 -26.3526 -30 15 -0 2.55806
179.071 296.955 -24.8981 -30 15 -0 2.52746
179.206 294.812 -23.3876 -30 15 -0 2.49671
179.34 292.733 -21.8236 -30 15 -0 2.4658
179.475 290.719 -20.2087 -30 15 -0 2.43472
179.609 288.772 -18.5458 -30 15 -0 2.40346
179.743 286.894 -16.8375 -30 15 -0 2.37201
179.878 285.087 -15.0868 -30 15 -0 2.35619
180.021 285.087 -15.0868 -30 15 -0 2.35619
180.164 283.201 -13.2009 -30 15 -0 2.35619
180.307 281.315 -11.3151 -30 15 -0 2.35619
180.451 279.429 -9.42924 -30 15 -0 2.35619
180.594 277.543 -7.54339 -30 15 -0 2.35619
180.737 275.658 -5.65754 -30 15 -0 2.35619
180.88 273.772 -3.77169 -30 15 -0 2.35619
181.023 271.886 -1.88585 -30 15 -0 2.35619
181.166 270 0 -30 15 -0 2.35619
181.404 270 0 -30 15 -0 2.35619
181.643 266.863 3.13697 -30 15 -0 2.35619
181.881 263.726 6.27395 -30 15 -0 2.35619
182.119 260.589 9.41092 -30 15 -0 2.35619
182.357 257.452 12.5479 -30 15 -0 2.33667
182.523 257.452 12.5479 -30 15 -0 2.33667
182.688 255.325 14.76 -30 15 -0 2.29733
182.854 253.31 17.0266 -30 15 -0 2.25763
183.02 251.412 19.3418 -30 15 -0 2.21756
183.186 249.631 21.6996 -30 15 -0 2.17707
183.351 247.971 24.0942 -30 15 -0 2.13615
183.517 246.433 26.5193 -30 15 -0 2.09476
183.683 245.017 28.9689 -30 15 -0 2.05286
183.848 243.726 31.4365 -30 15 -0 2.01043
184.014 242.56 33.9161 -30 15 -0 1.96742
184.18 241.519 36.4011 -30 15 -0 1.92378
184.346 240.604 38.8853 -30 15 -0 1.87948
184.511 239.814 41.3624 -30 15 -0 1.83446
184.677 239.149 43.8259 -30 15 -0 1.78868
185.008 238.608 46.2697 -30 15 -0 1.71858
185.34 237.893 51.0731 -30 15 -0 1.67046
185.593 237.893 51.0731 -30 15 -0 1.67046
185.846 237.531 54.689 -30 15 -0 1.67046
186.099 237.17 58.3049 -30 15 -0 1.67046
186.352 236.808 61.9207 -30 15 -0 1.67046
186.605 236.446 65.5366 -30 15 -0 1.67046
186.858 236.085 69.1524 -30 15 -0 1.67046
187.112 235.723 72.7683 -30 15 -0 1.67046
187.365 235.362 76.3841 -30 15 -0 1.67046
187.618 235 80 -30 15 -0 1.67046
187.826 235 80 -30 15 -0 1.67046
188.034 234.702 82.9768 -30 15 -0 1.67046
188.243 234.405 85.9537 -30 15 -0 1.67046
188.451 234.107 88.9305 -30 15 -0 1.67046
188.66 233.809 91.9073 -30 15 -0 1.67046
188.868 233.512 94.8841 -30 15 -0 1.67046
189.076 233.214 97.861 -30 15 -0 1.67046
189.285 232.916 100.838 -30 15 -0 1.67046
189.493 232.619 103.815 -30 15 -0 1.67046
189.701 232.321 106.791 -30 15 -0 1.67046
189.91 232.023 109.768 -30 15 -0 1.67046
190.118 231.725 112.745 -30 15 -0 1.67046
190.326 231.428 115.722 -30 15 -0 1.67046
190.535 231.13 118.699 -30 15 -0 1.67046
190.743 230.832 121.676 -30 15 -0 1.67046
190.952 230.535 124.652 -30 15 -0 1.67046
191.16 230.237 127.629 -30 15 -0 1.62134
191.494 230.237 127.629 -30 15 -0 1.62134
191.828 230 132.315 -30 15 -0 1.5708
192.164 230 132.315 -30 15 -0 1.5708
192.499 230 136.931 -30 15 -0 1.5708
192.835 230 141.546 -30 15 -0 1.5708
193.171 230 146.161 -30 15 -0 1.5708
193.507 230 150.776 -30 15 -0 1.5708
193.842 230 155.391 -30 15 -0 1.5708
194.178 230 160.006 -30 15 -0 1.5708
194.514 230 164.621 -30 15 -0 1.5708
194.849 230 169.237 -30 15 -0 1.5708
195.185 230 173.852 -30 15 -0 1.5708
195.521 230 178.467 -30 15 -0 1.5708
195.856 230 183.082 -30 15 -0 1.5708
196.192 230 187.697 -30 15 -0 1.5708
196.528 230 192.312 -30 15 -0 1.5708
196.864 230 196.927 -30 15 -0 1.5708
197.199 230 201.543 -30 15 -0 1.5708
197.535 230 206.158 -30 15 -0 1.5708
197.871 230 210.773 -30 15 -0 1.5708
198.206 230 215.388 -30 15 -0 1.5708
198.542 230 220.003 -30 15 -0 1.5708
198.878 230 224.618 -30 15 -0 1.5708
199.213 230 229.233 -30 15 -0 1.5708
199.549 230 233.849 -30 15 -0 1.5708
199.885 230 238.464 -30 15 -0 1.5708
200.221 230 243.079 -30 15 -0 1.5708
200.556 230 247.694 -30 15 -0 1.5708
200.892 230 252.309 -30 15 -0 1.5708
201.228 230 256.924 -30 15 -0 1.5708
201.563 230 261.539 -30 15 -0 1.5708
201.899 230 266.155 -30 15 -0 1.5708
202.235 230 270.77 -30 15 -0 1.5708
202.57 230 275.385 -30 15 -0 1.5708
202.906 230 280 -30 15 -0 1.5708
203.112 230 280 -30 15 -0 1.5708
203.318 230 282.827 -30 15 -0 1.5708
203.523 230 285.655 -30 15 -0 1.5708
203.729 230 288.482 -30 15 -0 1.5708
203.934 230 291.309 -30 15 -0 1.5708
204.14 230 294.137 -30 15 -0 1.5708
204.346 230 296.964 -30 15 -0 1.5708
204.551 230 299.791 -30 15 -0 1.5708
204.757 230 302.618 -30 15 -0 1.5708
204.963 230 305.446 -30 15 -0 1.5708
205.168 230 308.273 -30 15 -0 1.5708
205.374 230 311.1 -30 15 -0 1.5708
205.58 230 313.928 -30 15 -0 1.5708
205.785 230 316.755 -30 15 -0 1.5708
205.991 230 319.582 -30 15 -0 1.5708
206.197 230 322.41 -30 15 -0 1.5708
206.402 230 325.237 -30 15 -0 1.5708
206.608 230 328.064 -30 15 -0 1.5708
206.814 230 330.892 -30 15 -0 1.5708
207.019 230 333.719 -30 15 -0 1.5708
207.225 230 336.546 -30 15 -0 1.5708
207.431 230 339.373 -30 15 -0 1.5708
207.636 230 342.201 -30 15 -0 1.5708
207.842 230 345.028 -30 15 -0 1.5708
208.048 230 347.855 -30 15 -0 1.5708
208.253 230 350.683 -30 15 -0 1.5708
208.459 230 353.51 -30 15 -0 1.5708
208.665 230 356.337 -30 15 -0 1.5708
208.87 230 359.165 -30 15 -0 1.5708
209.076 230 361.992 -30 15 -0 1.5708
209.282 230 364.819 -30 15 -0 1.5708
209.487 230 367.647 -30 15 -0 1.5708
209.693 230 370.474 -30 15 -0 1.51859
210.033 230 370.474 -30 15 -0 1.51859
210.373 230.238 375.033 -30 15 -0 1.40993
210.713 230.936 379.332 -30 15 -0 1.29556
211.052 232.063 383.324 -30 15 -0 1.17476
211.392 233.587 386.968 -30 15 -0 1.04681
211.732 235.468 390.223 -30 15 -0 0.911105
212.072 237.665 393.056 -30 15 -0 0.767235
212.412 240.132 395.435 -30 15 -0 0.615177
212.752 242.822 397.336 -30 15 -0 0.45546
213.092 245.682 398.737 -30 15 -0 0.289303
213.432 248.661 399.623 -30 15 -0 0.118661
213.772 251.705 399.986 -30 15 -0 6.22927
214.111 254.759 399.821 -30 15 -0 6.05757
214.451 257.769 399.131 -30 15 -0 5.88946
214.791 260.68 397.921 -30 15 -0 5.72715
215.131 263.439 396.206 -30 15 -0 5.57211
215.471 265.996 394.004 -30 15 -0 5.49779
215.959 265.996 394.004 -30 15 -0 5.49779
216.447 269.497 390.503 -30 15 -0 5.49779
216.935 272.998 387.002 -30 15 -0 5.49779
217.423 276.499 383.501 -30 15 -0 5.49779
217.911 280 380 -30 15 -0 5.49779
218.299 280 380 -30 15 -0 5.49779
218.687 282.781 377.219 -30 15 -0 5.49779
219.074 285.562 374.438 -30 15 -0 5.49779
219.462 288.342 371.658 -30 15 -0 5.49779
219.85 291.123 368.877 -30 15 -0 5.49779
220.237 293.904 366.096 -30 15 -0 5.49779
220.625 296.685 363.315 -30 15 -0 5.49779
221.012 299.465 360.535 -30 15 -0 5.49779
221.4 302.246 357.754 -30 15 -0 5.42892
221.722 302.246 357.754 -30 15 -0 5.42892
222.044 304.436 355.24 -30 15 -0 5.29707
222.366 306.36 352.333 -30 15 -0 5.17237
222.688 307.98 349.063 -30 15 -0 5.05439
223.01 309.262 345.46 -30 15 -0 4.94255
223.332 310.176 341.559 -30 15 -0 4.83623
223.654 310.694 337.399 -30 15 -0 4.73483
223.976 310.793 333.018 -30 15 -0 4.63776
224.298 310.452 328.459 -30 15 -0 4.5445
224.62 309.656 323.766 -30 15 -0 4.45458
224.781 308.396 318.985 -30 15 -0 4.38918
224.942 307.588 316.575 -30 15 -0 4.34635
225.103 306.663 314.16 -30 15 -0 4.30412
225.264 305.619 311.747 -30 15 -0 4.26248
225.425 304.456 309.34 -30 15 -0 4.22137
225.587 303.176 306.945 -30 15 -0 4.18076
225.748 301.779 304.569 -30 15 -0 4.14062
225.909 300.265 302.217 -30 15 -0 4.10092
226.07 298.637 299.894 -30 15 -0 4.06164
226.231 296.895 297.607 -30 15 -0 4.02273
226.392 295.043 295.361 -30 15 -0 3.98418
226.553 293.081 293.161 -30 15 -0 3.94596
226.714 291.012 291.012 -30 15 -0 3.92699
226.79 291.012 291.012 -30 15 -0 3.92699
226.867 290 290 -30 15 -0 3.92699
227.057 290 290 -30 15 -0 3.92699
227.247 287.5 287.5 -30 15 -0 3.92699
227.437 285 285 -30 15 -0 3.92699
227.626 282.5 282.5 -30 15 -0 3.92699
227.816 280 280 -30 15 -0 3.92699
228.006 277.5 277.5 -30 15 -0 3.92699
228.196 275 275 -30 15 -0 3.92699
228.385 272.5 272.5 -30 15 -0 3.92699
228.575 270 270 -30 15 -0 3.92699
228.765 267.5 267.5 -30 15 -0 3.92699
228.955 265 265 -30 15 -0 3.92699
229.145 262.5 262.5 -30 15 -0 3.92699
229.334 260 260 -30 15 -0 3.92699
229.524 257.5 257.5 -30 15 -0 3.92699
229.714 255 255 -30 15 -0 3.92699
229.904 252.5 252.5 -30 15 -0 3.92699
230.093 250 250 -30 15 -0 3.92699
230.331 250 250 -30 15 -0 3.92699
230.568 246.875 246.875 -30 15 -0 3.92699
230.805 243.75 243.75 -30 15 -0 3.92699
231.042 240.625 240.625 -30 15 -0 3.92699
231.28 237.5 237.5 -30 15 -0 3.92699
231.517 234.375 234.375 -30 15 -0 3.92699
231.754 231.25 231.25 -30 15 -0 3.92699
231.991 228.125 228.125 -30 15 -0 3.92699
232.228 225 225 -30 15 -0 3.92699
232.367 225 225 -30 15 -0 3.92699
232.505 223.175 223.175 -30 15 -0 3.92699
232.644 221.351 221.351 -30 15 -0 3.92699
232.782 219.526 219.526 -30 15 -0 3.92699
232.921 217.702 217.702 -30 15 -0 3.92699
233.059 215.877 215.877 -30 15 -0 3.92699
233.198 214.052 214.052 -30 15 -0 3.92699
233.336 212.228 212.228 -30 15 -0 3.92699
233.475 210.403 210.403 -30 15 -0 3.95051
233.675 210.403 210.403 -30 15 -0 3.95051
233.874 207.854 207.731 -30 15 -0 3.998
234.074 205.47 204.982 -30 15 -0 4.046
234.274 203.255 202.166 -30 15 -0 4.09458
234.473 201.214 199.293 -30 15 -0 4.14378
234.673 199.349 196.374 -30 15 -0 4.19366
234.872 197.662 193.42 -30 15 -0 4.24428
235.072 196.157 190.442 -30 15 -0 4.2957
235.272 194.832 187.45 -30 15 -0 4.32178
235.574 194.832 187.45 -30 15 -0 4.32178
235.876 192.968 182.922 -30 15 -0 4.32178
236.177 191.103 178.394 -30 15 -0 4.32178
236.479 189.239 173.866 -30 15 -0 4.32178
236.781 187.374 169.338 -30 15 -0 4.32178
237.083 185.51 164.81 -30 15 -0 4.32178
237.385 183.645 160.281 -30 15 -0 4.32178
237.687 181.781 155.753 -30 15 -0 4.32178
237.989 179.916 151.225 -30 15 -0 4.32178
238.291 178.052 146.697 -30 15 -0 4.32178
238.593 176.187 142.169 -30 15 -0 4.32178
238.895 174.323 137.641 -30 15 -0 4.32178
239.196 172.458 133.113 -30 15 -0 4.32178
239.498 170.594 128.584 -30 15 -0 4.32178
239.8 168.729 124.056 -30 15 -0 4.32178
240.102 166.865 119.528 -30 15 -0 4.32178
240.404 165 115 -30 15 -0 4.32178
240.698 165 115 -30 15 -0 4.32178
240.991 163.187 110.598 -30 15 -0 4.32178
241.285 161.374 106.195 -30 15 -0 4.32178
241.578 159.562 101.793 -30 15 -0 4.32178
241.872 157.749 97.3901 -30 15 -0 4.32178
242.165 155.936 92.9876 -30 15 -0 4.32178
242.459 154.123 88.5852 -30 15 -0 4.32178
242.752 152.311 84.1827 -30 15 -0 4.32178
243.046 150.498 79.7802 -30 15 -0 4.34307
243.208 150.498 79.7802 -30 15 -0 4.34307
243.37 149.556 77.3474 -30 15 -0 4.38618
243.695 148.735 74.9191 -30 15 -0 4.45199
244.019 147.45 70.0998 -30 15 -0 4.54251
244.343 146.639 65.3696 -30 15 -0 4.6364
244.668 146.289 60.7745 -30 15 -0 4.73415
244.992 146.385 56.3596 -30 15 -0 4.8363
245.317 146.907 52.168 -30 15 -0 4.94344
245.641 147.831 48.2406 -30 15 -0 5.05618
245.966 149.129 44.6159 -30 15 -0 5.17517
246.29 150.769 41.3293 -30 15 -0 5.30098
246.614 152.715 38.4129 -30 15 -0 5.43408
246.939 154.931 35.8952 -30 15 -0 5.57467
247.263 157.375 33.8008 -30 15 -0 5.72261
247.588 160.005 32.1502 -30 15 -0 5.87722
247.912 162.775 30.9596 -30 15 -0 6.03724
248.237 165.639 30.2405 -30 15 -0 6.20079
248.561 168.551 30 -30 15 -0 0
248.879 168.551 30 -30 15 -0 0
249.197 171.413 30 -30 15 -0 0
249.515 174.276 30 -30 15 -0 0
249.833 177.138 30 -30 15 -0 0
250.151 180 30 -30 15 -0 0
250.533 180 30 -30 15 -0 0
250.914 183.434 30 -30 15 -0 0
251.296 186.869 30 -30 15 -0 0.0868694
251.638 186.869 30 -30 15 -0 0.0868694
251.98 189.938 30.2673 -30 15 -0 0.259164
252.322 192.952 31.0663 -30 15 -0 0.427338
252.664 195.855 32.3884 -30 15 -0 0.58928
253.006 198.593 34.2191 -30 15 -0 0.743616
253.348 201.115 36.5386 -30 15 -0 0.889703
253.691 203.371 39.3216 -30 15 -0 1.02749
254.033 205.313 42.538 -30 15 -0 1.15734
254.375 206.899 46.1528 -30 15 -0 1.27986
254.717 208.089 50.1267 -30 15 -0 1.39576
255.059 208.848 54.4165 -30 15 -0 1.50579
255.401 209.144 58.9756 -30 15 -0 1.61065
255.743 208.954 63.7545 -30 15 -0 1.711
255.914 208.256 68.7012 -30 15 -0 1.78353
256.085 207.712 71.2208 -30 15 -0 1.83086
256.256 207.035 73.7621 -30 15 -0 1.87737
256.427 206.226 76.3182 -30 15 -0 1.92311
256.598 205.284 78.8821 -30 15 -0 1.96815
256.769 204.207 81.4469 -30 15 -0 2.01253
256.94 202.997 84.0055 -30 15 -0 2.03444
257.133 202.997 84.0055 -30 15 -0 2.03444
257.325 201.56 86.8802 -30 15 -0 2.03444
257.518 200.123 89.7548 -30 15 -0 2.03444
257.71 198.685 92.6295 -30 15 -0 2.03444
257.903 197.248 95.5041 -30 15 -0 2.03444
258.096 195.811 98.3788 -30 15 -0 2.03444
258.288 194.373 101.253 -30 15 -0 2.03444
258.481 192.936 104.128 -30 15 -0 2.03444
258.673 191.499 107.003 -30 15 -0 2.03444
258.866 190.061 109.877 -30 15 -0 2.03444
259.058 188.624 112.752 -30 15 -0 2.03444
259.251 187.187 115.627 -30 15 -0 2.03444
259.444 185.749 118.501 -30 15 -0 2.03444
259.636 184.312 121.376 -30 15 -0 2.03444
259.829 182.875 124.251 -30 15 -0 2.03444
260.021 181.437 127.125 -30 15 -0 2.03444
260.214 180 130 -30 15 -0 2.03444
260.449 180 130 -30 15 -0 2.03444
260.684 178.245 133.51 -30 15 -0 2.03444
260.919 176.49 137.019 -30 15 -0 2.03444
261.154 174.736 140.529 -30 15 -0 2.03444
261.389 172.981 144.038 -30 15 -0 2.03444
261.624 171.226 147.548 -30 15 -0 2.03444
261.859 169.471 151.057 -30 15 -0 2.03444
262.095 167.716 154.567 -30 15 -0 2.03444
262.33 165.962 158.077 -30 15 -0 2.03444
262.565 164.207 161.586 -30 15 -0 2.03444
262.8 162.452 165.096 -30 15 -0 2.03444
263.035 160.697 168.605 -30 15 -0 2.03444
263.27 158.943 172.115 -30 15 -0 2.03444
263.505 157.188 175.625 -30 15 -0 2.03444
263.74 155.433 179.134 -30 15 -0 2.03444
263.975 153.678 182.644 -30 15 -0 2.03444
264.21 151.923 186.153 -30 15 -0 2.01474
264.364 151.923 186.153 -30 15 -0 2.01474
264.518 150.829 188.454 -30 15 -0 1.97489
264.826 149.843 190.759 -30 15 -0 1.91422
265.133 148.195 195.367 -30 15 -0 1.83114
265.441 146.978 199.937 -30 15 -0 1.7454
265.748 146.186 204.427 -30 15 -0 1.65665
266.056 145.81 208.799 -30 15 -0 1.56448
266.364 145.836 213.014 -30 15 -0 1.46843
266.671 146.25 217.035 -30 15 -0 1.36801
266.979 147.029 220.828 -30 15 -0 1.2627
267.286 148.153 224.357 -30 15 -0 1.15195
267.594 149.593 227.593 -30 15 -0 1.03525
267.902 151.323 230.508 -30 15 -0 0.912148
268.209 153.309 233.074 -30 15 -0 0.782364
268.517 155.519 235.271 -30 15 -0 0.645854
268.824 157.917 237.078 -30 15 -0 0.502936
269.132 160.465 238.48 -30 15 -0 0.35438
269.44 163.126 239.464 -30 15 -0 0.2783
269.653 163.126 239.464 -30 15 -0 0.2783
269.866 165 240 -30 15 -0 0.2783
270.216 165 240 -30 15 -0 0.2783
270.566 168.077 240.879 -30 15 -0 0.2783
270.917 171.155 241.759 -30 15 -0 0.2783
271.267 174.232 242.638 -30 15 -0 0.2783
271.617 177.31 243.517 -30 15 -0 0.2783
271.967 180.387 244.396 -30 15 -0 0.2783
272.317 183.465 245.276 -30 15 -0 0.2783
272.667 186.542 246.155 -30 15 -0 0.2783
273.018 189.62 247.034 -30 15 -0 0.141238
273.564 189.62 247.034 -30 15 -0 0.141238
274.111 194.502 247.728 -30 15 -0 6.14686
274.385 199.387 247.058 -30 15 -0 5.942
274.658 201.759 246.216 -30 15 -0 5.80931
274.932 204.047 245.043 -30 15 -0 5.68092
275.205 206.224 243.546 -30 15 -0 5.55744
275.478 208.263 241.737 -30 15 -0 5.49779
275.77 208.263 241.737 -30 15 -0 5.49779
276.062 210.355 239.645 -30 15 -0 5.49779
276.353 212.447 237.553 -30 15 -0 5.49779
276.645 214.539 235.461 -30 15 -0 5.49779
276.937 216.631 233.369 -30 15 -0 5.49779
277.228 218.724 231.276 -30 15 -0 5.49779
277.52 220.816 229.184 -30 15 -0 5.49779
277.812 222.908 227.092 -30 15 -0 5.49779
278.103 225 225 -30 15 -0 5.49779
278.545 225 225 -30 15 -0 5.49779
278.986 228.167 221.833 -30 15 -0 5.43834
279.264 228.167 221.833 -30 15 -0 5.43834
279.541 230.069 219.69 -30 15 -0 5.32382
279.819 231.778 217.253 -30 15 -0 5.21468
280.096 233.269 214.539 -30 15 -0 5.11065
280.374 234.519 211.568 -30 15 -0 5.0114
280.652 235.507 208.362 -30 15 -0 4.91654
280.929 236.215 204.942 -30 15 -0 4.82566
281.207 236.625 201.334 -30 15 -0 4.7384
281.484 236.723 197.564 -30 15 -0 4.65436
281.762 236.497 193.658 -30 15 -0 4.57323
282.039 235.934 189.645 -30 15 -0 4.49467
282.317 235.029 185.553 -30 15 -0 4.41842
282.595 233.775 181.411 -30 15 -0 4.34423
282.872 232.17 177.249 -30 15 -0 4.27185
283.15 230.212 173.097 -30 15 -0 4.20111
283.427 227.905 168.985 -30 15 -0 4.1318
283.705 225.252 164.941 -30 15 -0 4.09773
283.921 225.252 164.941 -30 15 -0 4.09773
284.138 223.049 161.82 -30 15 -0 4.09773
284.355 220.846 158.698 -30 15 -0 4.09773
284.571 218.643 155.577 -30 15 -0 4.09773
284.788 216.439 152.456 -30 15 -0 4.09773
285.005 214.236 149.334 -30 15 -0 4.09773
285.221 212.033 146.213 -30 15 -0 4.09773
285.438 209.83 143.092 -30 15 -0 4.09773
285.655 207.626 139.97 -30 15 -0 4.09773
285.871 205.423 136.849 -30 15 -0 4.09773
286.088 203.22 133.728 -30 15 -0 4.09773
286.304 201.016 130.607 -30 15 -0 4.09773
286.521 198.813 127.485 -30 15 -0 4.09773
286.738 196.61 124.364 -30 15 -0 4.09773
286.954 194.407 121.243 -30 15 -0 4.09773
287.171 192.203 118.121 -30 15 -0 4.09773
287.388 190 115 -30 15 -0 4.09773
287.561 190 115 -30 15 -0 4.09773
287.734 188.24 112.506 -30 15 -0 4.09773
287.907 186.48 110.013 -30 15 -0 4.09773
288.08 184.719 107.519 -30 15 -0 4.09773
288.253 182.959 105.025 -30 15 -0 4.09773
288.426 181.199 102.532 -30 15 -0 4.09773
288.599 179.439 100.038 -30 15 -0 4.09773
288.772 177.678 97.5443 -30 15 -0 4.09773
288.945 175.918 95.0506 -30 15 -0 4.09773
289.118 174.158 92.557 -30 15 -0 4.09773
289.291 172.398 90.0633 -30 15 -0 4.09773
289.464 170.637 87.5696 -30 15 -0 4.09773
289.637 168.877 85.0759 -30 15 -0 4.09773
289.811 167.117 82.5823 -30 15 -0 4.09773
289.984 165.357 80.0886 -30 15 -0 4.09773
290.157 163.596 77.5949 -30 15 -0 4.09773
290.33 161.836 75.1013 -30 15 -0 4.09773
290.503 160.076 72.6076 -30 15 -0 4.09773
290.676 158.316 70.1139 -30 15 -0 4.09773
290.849 156.555 67.6202 -30 15 -0 4.09773
291.022 154.795 65.1266 -30 15 -0 4.09773
291.195 153.035 62.6329 -30 15 -0 4.09773
291.368 151.275 60.1392 -30 15 -0 4.09773
291.541 149.515 57.6456 -30 15 -0 4.09773
291.714 147.754 55.1519 -30 15 -0 4.09773
291.887 145.994 52.6582 -30 15 -0 4.09773
292.06 144.234 50.1645 -30 15 -0 4.09773
292.233 142.474 47.6709 -30 15 -0 4.09773
292.407 140.713 45.1772 -30 15 -0 4.09773
292.58 138.953 42.6835 -30 15 -0 4.09773
292.753 137.193 40.1899 -30 15 -0 4.09773
292.926 135.433 37.6962 -30 15 -0 4.09773
293.099 133.672 35.2025 -30 15 -0 4.07596
293.277 133.672 35.2025 -30 15 -0 4.07596
293.455 131.794 32.6613 -30 15 -0 4.03286
293.632 129.78 30.1677 -30 15 -0 3.9902
293.81 127.632 27.7292 -30 15 -0 3.94794
293.988 125.353 25.3528 -30 15 -0 3.92699
294.214 125.353 25.3528 -30 15 -0 3.92699
294.44 122.373 22.3731 -30 15 -0 3.92699
294.667 119.393 19.3933 -30 15 -0 3.92699
294.893 116.414 16.4135 -30 15 -0 3.92699
295.119 113.434 13.4337 -30 15 -0 3.92699
295.345 110.454 10.454 -30 15 -0 3.92699
295.571 107.474 7.47418 -30 15 -0 3.92699
295.798 104.494 4.4944 -30 15 -0 3.92699
296.024 101.515 1.51463 -30 15 -0 3.92699
296.25 98.5349 -1.46515 -30 15 -0 3.92699
296.476 95.5551 -4.44492 -30 15 -0 3.92699
296.702 92.5753 -7.4247 -30 15 -0 3.92699
296.929 89.5955 -10.4045 -30 15 -0 3.92699
297.155 86.6157 -13.3843 -30 15 -0 3.92699
297.381 83.636 -16.364 -30 15 -0 3.92699
297.607 80.6562 -19.3438 -30 15 -0 3.92699
297.833 77.6764 -22.3236 -30 15 -0 3.92699
298.06 74.6966 -25.3034 -30 15 -0 3.92699
298.286 71.7169 -28.2831 -30 15 -0 3.92699
298.512 68.7371 -31.2629 -30 15 -0 3.92699
298.738 65.7573 -34.2427 -30 15 -0 3.92699
298.964 62.7775 -37.2225 -30 15 -0 3.92699
299.191 59.7978 -40.2022 -30 15 -0 3.92699
299.417 56.818 -43.182 -30 15 -0 3.92699
299.643 53.8382 -46.1618 -30 15 -0 3.92699
299.869 50.8584 -49.1416 -30 15 -0 3.92699
300.095 47.8787 -52.1213 -30 15 -0 3.92699
300.322 44.8989 -55.1011 -30 15 -0 3.92699
300.548 41.9191 -58.0809 -30 15 -0 3.92699
300.774 38.9393 -61.0607 -30 15 -0 3.92699
301 35.9596 -64.0404 -30 15 -0 3.92699
301.226 32.9798 -67.0202 -30 15 -0 3.92699
301.453 30 -70 -30 15 -0 3.92699
301.659 30 -70 -30 15 -0 3.92699
301.866 27.2784 -72.7216 -30 15 -0 3.92699
302.072 24.5568 -75.4432 -30 15 -0 3.92699
302.279 21.8352 -78.1648 -30 15 -0 3.92699
302.486 19.1136 -80.8864 -30 15 -0 3.92699
302.692 16.392 -83.608 -30 15 -0 3.92699
302.899 13.6704 -86.3296 -30 15 -0 3.92699
303.105 10.9488 -89.0512 -30 15 -0 3.92699
303.312 8.22718 -91.7728 -30 15 -0 3.92699
303.518 5.50558 -94.4944 -30 15 -0 3.92699
303.725 2.78398 -97.216 -30 15 -0 3.92699
303.932 0.0623732 -99.9376 -30 15 -0 3.92699
304.138 -2.65923 -102.659 -30 15 -0 3.92699
304.345 -5.38083 -105.381 -30 15 -0 3.92699
304.551 -8.10243 -108.102 -30 15 -0 3.92699
304.758 -10.824 -110.824 -30 15 -0 3.92699
304.965 -13.5456 -113.546 -30 15 -0 3.92699
305.171 -16.2672 -116.267 -30 15 -0 3.92699
305.378 -18.9888 -118.989 -30 15 -0 3.92699
305.584 -21.7104 -121.71 -30 15 -0 3.92699
305.791 -24.432 -124.432 -30 15 -0 3.92699
305.998 -27.1537 -127.154 -30 15 -0 3.92699
306.204 -29.8753 -129.875 -30 15 -0 3.92699
306.411 -32.5969 -132.597 -30 15 -0 3.92699
306.617 -35.3185 -135.318 -30 15 -0 3.92699
306.824 -38.0401 -138.04 -30 15 -0 3.92699
307.031 -40.7617 -140.762 -30 15 -0 3.92699
307.237 -43.4833 -143.483 -30 15 -0 3.92699
307.444 -46.2049 -146.205 -30 15 -0 3.92699
307.65 -48.9265 -148.926 -30 15 -0 3.92699
307.857 -51.6481 -151.648 -30 15 -0 3.92699
308.064 -54.3697 -154.37 -30 15 -0 3.92699
308.27 -57.0913 -157.091 -30 15 -0 3.89939
308.505 -57.0913 -157.091 -30 15 -0 3.89939
308.74 -60.2926 -160.121 -30 15 -0 3.84473
308.974 -63.7059 -163.014 -30 15 -0 3.79062
309.209 -67.3209 -165.757 -30 15 -0 3.73698
309.444 -71.1264 -168.334 -30 15 -0 3.68379
309.679 -75.1101 -170.734 -30 15 -0 3.63098
309.913 -79.2587 -172.944 -30 15 -0 3.5785
310.148 -83.5583 -174.952 -30 15 -0 3.52633
310.383 -87.9941 -176.748 -30 15 -0 3.50036
310.526 -87.9941 -176.748 -30 15 -0 3.50036
310.67 -90.7448 -177.779 -30 15 -0 3.50036
310.813 -93.4956 -178.811 -30 15 -0 3.50036
310.957 -96.2463 -179.842 -30 15 -0 3.50036
311.1 -98.997 -180.874 -30 15 -0 3.50036
311.244 -101.748 -181.905 -30 15 -0 3.50036
311.387 -104.499 -182.937 -30 15 -0 3.50036
311.531 -107.249 -183.968 -30 15 -0 3.50036
311.674 -110 -185 -30 15 -0 3.50036
311.831 -110 -185 -30 15 -0 3.50036
311.987 -112.995 -186.123 -30 15 -0 3.50036
312.143 -115.989 -187.246 -30 15 -0 3.50036
312.299 -118.984 -188.369 -30 15 -0 3.50036
312.456 -121.979 -189.492 -30 15 -0 3.50036
312.612 -124.974 -190.615 -30 15 -0 3.50036
312.768 -127.968 -191.738 -30 15 -0 3.50036
312.924 -130.963 -192.861 -30 15 -0 3.50036
313.081 -133.958 -193.984 -30 15 -0 3.47771
313.286 -133.958 -193.984 -30 15 -0 3.47771
313.49 -137.929 -195.372 -30 15 -0 3.43256
313.695 -141.981 -196.585 -30 15 -0 3.38756
313.9 -146.103 -197.62 -30 15 -0 3.34268
314.105 -150.285 -198.472 -30 15 -0 3.29789
314.31 -154.514 -199.139 -30 15 -0 3.25318
314.515 -158.778 -199.617 -30 15 -0 3.20852
314.72 -163.067 -199.904 -30 15 -0 3.1639
314.925 -167.368 -200 -30 15 -0 3.14159
315.106 -167.368 -200 -30 15 -0 3.14159
315.288 -171.184 -200 -30 15 -0 3.14159
