time x y z V_A gamma chi
0 37.5 0 0 15 -0 0
0.285286 37.5 0 0 15 -0 0
0.570571 41.7793 0 0 15 -0 0
0.855857 46.0586 0 0 15 -0 0
1.14114 50.3379 0 0 15 -0 0
1.42643 54.6171 0 0 15 -0 0
1.71171 58.8964 0 0 15 -0 0
1.997 63.1757 0 0 15 -0 0
2.28228 67.455 0 0 15 -0 0
2.56757 71.7343 0 0 15 0.0252329 0.0331379
2.78497 71.7343 0 0 15 0.0252329 0.0331379
3.00236 74.9928 0.108021 -0.0822857 15 0.106736 0.0994136
3.21976 78.2371 0.431611 -0.431611 15 0.131402 0.132552
3.4514 78.2371 0.431611 -0.431611 15 0.131402 0.132552
3.68304 81.6516 0.886873 -0.886873 15 0.131402 0.132552
3.91469 85.066 1.34214 -1.34214 15 0.131402 0.132552
4.14633 88.4805 1.7974 -1.7974 15 0.131402 0.132552
4.37797 91.8949 2.25266 -2.25266 15 0.131402 0.132552
4.60961 95.3094 2.70792 -2.70792 15 0.131402 0.132552
4.84126 98.7239 3.16318 -3.16318 15 0.131402 0.132552
5.0729 102.138 3.61845 -3.61845 15 0.131402 0.132552
5.30454 105.553 4.07371 -4.07371 15 0.131402 0.132552
5.53618 108.967 4.52897 -4.52897 15 0.131402 0.132552
5.76783 112.382 4.98423 -4.98423 15 0.131402 0.132552
5.99947 115.796 5.43949 -5.43949 15 0.131402 0.132552
6.23111 119.211 5.89476 -5.89476 15 0.131402 0.132552
6.46275 122.625 6.35002 -6.35002 15 0.131402 0.132552
6.6944 126.04 6.80528 -6.80528 15 0.131402 0.132552
6.92604 129.454 7.26054 -7.26054 15 0.131402 0.132552
7.15768 132.869 7.71581 -7.71581 15 0.131402 0.132552
7.38932 136.283 8.17107 -8.17107 15 0.131402 0.132552
7.62097 139.697 8.62633 -8.62633 15 0.131402 0.132552
7.85261 143.112 9.08159 -9.08159 15 0.131402 0.132552
8.08425 146.526 9.53685 -9.53685 15 0.131402 0.132552
8.3159 149.941 9.99212 -9.99212 15 0.131402 0.132552
8.54754 153.355 10.4474 -10.4474 15 0.131402 0.132552
8.77918 156.77 10.9026 -10.9026 15 0.131402 0.132552
9.01082 160.184 11.3579 -11.3579 15 0.131402 0.132552
9.24247 163.599 11.8132 -11.8132 15 0.131402 0.132552
9.47411 167.013 12.2684 -12.2684 15 0.131402 0.132552
9.70575 170.428 12.7237 -12.7237 15 0.131402 0.132552
9.93739 173.842 13.179 -13.179 15 0.131402 0.132552
10.169 177.257 13.6342 -13.6342 15 0.131402 0.132552
10.4007 180.671 14.0895 -14.0895 15 0.131402 0.132552
10.6323 184.086 14.5447 -14.5447 15 0.131402 0.132552
10.864 187.5 15 -15 15 0.131402 0.132552
11.0804 187.5 15 -15 15 0.131402 0.132552
11.2968 190.69 15.4254 -15.4254 15 0.131402 0.132552
11.5133 193.881 15.8508 -15.8508 15 0.131402 0.132552
11.7297 197.071 16.2762 -16.2762 15 0.131402 0.132552
11.9462 200.262 16.7016 -16.7016 15 0.131402 0.132552
12.1626 203.452 17.1269 -17.1269 15 0.131402 0.132552
12.3791 206.642 17.5523 -17.5523 15 0.131402 0.132552
12.5955 209.833 17.9777 -17.9777 15 0.131402 0.132552
12.8119 213.023 18.4031 -18.4031 15 0.131402 0.132552
13.0284 216.214 18.8285 -18.8285 15 0.131402 0.132552
13.2448 219.404 19.2539 -19.2539 15 0.131402 0.132552
13.4613 222.594 19.6793 -19.6793 15 0.131402 0.132552
13.6777 225.785 20.1047 -20.1047 15 0.131402 0.132552
13.8942 228.975 20.53 -20.53 15 0.131402 0.132552
14.1106 232.166 20.9554 -20.9554 15 0.131402 0.132552
14.327 235.356 21.3808 -21.3808 15 0.131402 0.132552
14.5435 238.547 21.8062 -21.8062 15 0.131402 0.132552
14.7599 241.737 22.2316 -22.2316 15 0.131402 0.132552
14.9764 244.927 22.657 -22.657 15 0.131402 0.132552
15.1928 248.118 23.0824 -23.0824 15 0.131402 0.132552
15.4092 251.308 23.5078 -23.5078 15 0.131402 0.132552
15.6257 254.499 23.9331 -23.9331 15 0.131402 0.132552
15.8421 257.689 24.3585 -24.3585 15 0.131402 0.132552
16.0586 260.879 24.7839 -24.7839 15 0.131402 0.132552
16.275 264.07 25.2093 -25.2093 15 0.131402 0.132552
16.4915 267.26 25.6347 -25.6347 15 0.131402 0.132552
16.7079 270.451 26.0601 -26.0601 15 0.131402 0.132552
16.9243 273.641 26.4855 -26.4855 15 0.131402 0.132552
17.1408 276.831 26.9109 -26.9109 15 0.131402 0.132552
17.3572 280.022 27.3362 -27.3362 15 0.131402 0.132552
17.5737 283.212 27.7616 -27.7616 15 0.131402 0.132552
17.7901 286.403 28.187 -28.187 15 0.131402 0.132552
18.0066 289.593 28.6124 -28.6124 15 0.129641 0.106051
18.1804 289.593 28.6124 -28.6124 15 0.129641 0.106051
18.3543 292.164 28.886 -28.9494 15 0.119788 0.05305
18.5281 294.745 29.0231 -29.2606 15 0.102355 4.89302e-005
18.702 297.33 29.0232 -29.5261 15 0.0799944 6.23023
18.8758 299.911 28.8864 -29.7333 15 0.0555828 6.17723
19.0497 302.482 28.613 -29.8771 15 0.0322241 6.12423
19.2235 305.034 28.2039 -29.9605 15 0.0132256 6.07123
19.3974 307.561 27.6601 -29.9947 15 0.00206569 6.01823
19.5712 310.056 26.9831 -30 15 -0 5.99173
19.745 310.056 26.9831 -30 15 -0 5.99173
19.9188 312.553 26.2342 -30 15 -0 5.99173
20.0925 315.049 25.4852 -30 15 -0 5.99173
20.2663 317.546 24.7363 -30 15 -0 5.99173
20.44 320.042 23.9873 -30 15 -0 5.99173
20.6138 322.539 23.2384 -30 15 -0 5.99173
20.7876 325.035 22.4895 -30 15 -0 5.99173
20.9613 327.532 21.7405 -30 15 -0 5.99173
21.1351 330.028 20.9916 -30 15 -0 5.99173
21.3088 332.525 20.2426 -30 15 -0 5.99173
21.4826 335.021 19.4937 -30 15 -0 5.99173
21.6564 337.518 18.7447 -30 15 -0 5.99173
21.8301 340.014 17.9958 -30 15 -0 5.99173
22.0039 342.511 17.2468 -30 15 -0 5.99173
22.1776 345.007 16.4979 -30 15 -0 5.99173
22.3514 347.504 15.7489 -30 15 -0 5.99173
22.5252 350 15 -30 15 -0 5.99173
22.7126 350 15 -30 15 -0 5.99173
22.9 352.693 14.1922 -30 15 -0 5.99173
23.0874 355.385 13.3844 -30 15 -0 5.99173
23.2748 358.078 12.5766 -30 15 -0 5.99173
23.4622 360.771 11.7688 -30 15 -0 5.99173
23.6497 363.463 10.961 -30 15 -0 5.99173
23.8371 366.156 10.1531 -30 15 -0 5.99173
24.0245 368.849 9.34534 -30 15 -0 5.99173
24.2119 371.542 8.53753 -30 15 -0 5.99173
24.3993 374.234 7.72972 -30 15 -0 5.99173
24.5867 376.927 6.92191 -30 15 -0 5.99173
24.7742 379.62 6.11411 -30 15 -0 5.99173
24.9616 382.312 5.3063 -30 15 -0 5.99173
25.149 385.005 4.49849 -30 15 -0 5.99173
25.3364 387.698 3.69068 -30 15 -0 5.99173
25.5238 390.39 2.88287 -30 15 -0 5.99173
25.7112 393.083 2.07506 -30 15 -0 6.02816
25.9503 393.083 2.07506 -30 15 -0 6.02816
26.1893 396.552 1.17085 -30 15 -0 6.10102
26.4283 400.077 0.52153 -30 15 -0 6.17389
26.6673 403.639 0.130556 -30 15 -0 6.24675
26.9063 407.221 0 -30 15 -0 0
27.2026 407.221 0 -30 15 -0 0
27.4989 411.666 0 -30 15 -0 0
27.7952 416.111 0 -30 15 -0 0
28.0915 420.555 0 -30 15 -0 0
28.3878 425 0 -30 15 -0 0
28.6049 425 0 -30 15 -0 0
28.822 428.256 0 -30 15 -0 0
29.0391 431.513 0 -30 15 -0 6.23826
29.3339 431.513 0 -30 15 -0 6.23826
29.6286 435.928 -0.19849 -30 15 -0 6.1484
29.9233 440.307 -0.79236 -30 15 -0 6.05855
30.2181 444.616 -1.77682 -30 15 -0 5.9687
30.5128 448.819 -3.14392 -30 15 -0 5.87884
30.8075 452.882 -4.88264 -30 15 -0 5.78899
31.1023 456.773 -6.97894 -30 15 -0 5.69914
31.397 460.46 -9.41592 -30 15 -0 5.60928
31.6917 463.913 -12.1739 -30 15 -0 5.56436
31.9806 463.913 -12.1739 -30 15 -0 5.56436
32.2695 467.174 -15.0272 -30 15 -0 5.56436
32.5583 470.435 -17.8804 -30 15 -0 5.56436
32.8472 473.696 -20.7337 -30 15 -0 5.56436
33.1361 476.957 -23.587 -30 15 -0 5.56436
33.4249 480.217 -26.4402 -30 15 -0 5.56436
33.7138 483.478 -29.2935 -30 15 -0 5.56436
34.0026 486.739 -32.1467 -30 15 -0 5.56436
34.2915 490 -35 -30 15 -0 5.56436
34.3287 490 -35 -30 15 -0 5.56436
34.366 490.42 -35.3678 -30 15 -0 5.53877
34.5338 490.42 -35.3678 -30 15 -0 5.53877
34.7017 492.272 -37.0734 -30 15 -0 5.4876
34.8695 494.034 -38.8715 -30 15 -0 5.43644
35.0373 495.701 -40.7573 -30 15 -0 5.38527
35.2052 497.27 -42.7259 -30 15 -0 5.3341
35.373 498.736 -44.7722 -30 15 -0 5.28293
35.5409 500.096 -46.8907 -30 15 -0 5.23177
35.7087 501.345 -49.0761 -30 15 -0 5.1806
35.8765 502.481 -51.3225 -30 15 -0 5.12943
36.0444 503.501 -53.624 -30 15 -0 5.07826
36.2122 504.402 -55.9747 -30 15 -0 5.0271
36.3801 505.181 -58.3684 -30 15 -0 4.97593
36.5479 505.836 -60.7988 -30 15 -0 4.92476
36.7157 506.367 -63.2596 -30 15 -0 4.87359
36.8836 506.771 -65.7443 -30 15 -0 4.82242
37.0514 507.048 -68.2464 -30 15 -0 4.77126
37.2193 507.196 -70.7593 -30 15 -0 4.72009
37.3871 507.215 -73.2765 -30 15 -0 4.66892
37.5549 507.106 -75.7915 -30 15 -0 4.61775
37.7228 506.868 -78.2975 -30 15 -0 4.56659
37.8906 506.502 -80.7881 -30 15 -0 4.51542
38.0585 506.009 -83.2568 -30 15 -0 4.46425
38.2263 505.391 -85.697 -30 15 -0 4.41308
38.3941 504.649 -88.1024 -30 15 -0 4.36192
38.562 503.785 -90.4667 -30 15 -0 4.31075
38.7298 502.801 -92.7837 -30 15 -0 4.25958
38.8976 501.699 -95.0473 -30 15 -0 4.20841
39.0655 500.484 -97.2516 -30 15 -0 4.15725
39.2333 499.157 -99.3909 -30 15 -0 4.10608
39.4012 497.722 -101.46 -30 15 -0 4.05491
39.569 496.184 -103.452 -30 15 -0 4.00374
39.7368 494.546 -105.363 -30 15 -0 3.95257
39.9047 492.812 -107.188 -30 15 -0 3.92699
40.2067 492.812 -107.188 -30 15 -0 3.92699
40.5086 489.609 -110.391 -30 15 -0 3.92699
40.8106 486.406 -113.594 -30 15 -0 3.92699
41.1126 483.203 -116.797 -30 15 -0 3.92699
41.4146 480 -120 -30 15 -0 3.92699
41.7421 480 -120 -30 15 -0 3.92699
42.0696 476.526 -123.474 -30 15 -0 3.92699
42.3972 473.052 -126.948 -30 15 -0 3.92699
42.7247 469.578 -130.422 -30 15 -0 3.92699
43.0522 466.104 -133.896 -30 15 -0 3.87675
43.3818 466.104 -133.896 -30 15 -0 3.87675
43.7115 462.438 -137.211 -30 15 -0 3.77626
44.0411 458.458 -140.141 -30 15 -0 3.67577
44.3707 454.205 -142.657 -30 15 -0 3.57528
44.7003 449.72 -144.734 -30 15 -0 3.47479
45.0299 445.05 -146.351 -30 15 -0 3.3743
45.3596 440.241 -147.49 -30 15 -0 3.27382
45.6892 435.341 -148.142 -30 15 -0 3.17333
46.0188 430.402 -148.299 -30 15 -0 3.07284
46.3484 425.471 -147.959 -30 15 -0 2.97235
46.678 420.6 -147.127 -30 15 -0 2.87186
47.0077 415.836 -145.81 -30 15 -0 2.77137
47.3373 411.229 -144.022 -30 15 -0 2.67088
47.6669 406.824 -141.78 -30 15 -0 2.5704
47.9965 402.666 -139.108 -30 15 -0 2.46991
48.3261 398.798 -136.033 -30 15 -0 2.36942
48.6558 395.257 -132.584 -30 15 -0 2.31917
48.841 395.257 -132.584 -30 15 -0 2.31917
49.0263 393.366 -130.548 -30 15 -0 2.31917
49.2116 391.475 -128.511 -30 15 -0 2.31917
49.3969 389.584 -126.475 -30 15 -0 2.31917
49.5821 387.693 -124.438 -30 15 -0 2.31917
49.7674 385.802 -122.402 -30 15 -0 2.31917
49.9527 383.911 -120.365 -30 15 -0 2.31917
50.138 382.02 -118.329 -30 15 -0 2.31917
50.3232 380.128 -116.292 -30 15 -0 2.31917
50.5085 378.237 -114.256 -30 15 -0 2.31917
50.6938 376.346 -112.219 -30 15 -0 2.31917
50.8791 374.455 -110.183 -30 15 -0 2.31917
51.0643 372.564 -108.146 -30 15 -0 2.31917
51.2496 370.673 -106.11 -30 15 -0 2.31917
51.4349 368.782 -104.073 -30 15 -0 2.31917
51.6202 366.891 -102.037 -30 15 -0 2.31917
51.8054 365 -100 -30 15 -0 2.31917
52.0026 365 -100 -30 15 -0 2.31917
52.1997 362.988 -97.8334 -30 15 -0 2.31917
52.3968 360.976 -95.6667 -30 15 -0 2.31917
52.5939 358.964 -93.5001 -30 15 -0 2.31917
52.791 356.952 -91.3334 -30 15 -0 2.31917
52.9881 354.941 -89.1668 -30 15 -0 2.31917
53.1852 352.929 -87.0001 -30 15 -0 2.31917
53.3823 350.917 -84.8335 -30 15 -0 2.31917
53.5795 348.905 -82.6669 -30 15 -0 2.31917
53.7766 346.893 -80.5002 -30 15 -0 2.31917
53.9737 344.881 -78.3336 -30 15 -0 2.31917
54.1708 342.869 -76.1669 -30 15 -0 2.31917
54.3679 340.857 -74.0003 -30 15 -0 2.31917
54.565 338.846 -71.8337 -30 15 -0 2.31917
54.7621 336.834 -69.667 -30 15 -0 2.31917
54.9592 334.822 -67.5004 -30 15 -0 2.31917
55.1564 332.81 -65.3337 -30 15 -0 2.31917
55.3535 330.798 -63.1671 -30 15 -0 2.31917
55.5506 328.786 -61.0004 -30 15 -0 2.31917
55.7477 326.774 -58.8338 -30 15 -0 2.31917
55.9448 324.762 -56.6672 -30 15 -0 2.31917
56.1419 322.75 -54.5005 -30 15 -0 2.31917
56.339 320.739 -52.3339 -30 15 -0 2.31917
56.5361 318.727 -50.1672 -30 15 -0 2.31917
56.7333 316.715 -48.0006 -30 15 -0 2.31917
56.9304 314.703 -45.834 -30 15 -0 2.31917
57.1275 312.691 -43.6673 -30 15 -0 2.31917
57.3246 310.679 -41.5007 -30 15 -0 2.31917
57.5217 308.667 -39.334 -30 15 -0 2.31917
57.7188 306.655 -37.1674 -30 15 -0 2.31917
57.9159 304.644 -35.0007 -30 15 -0 2.31917
58.113 302.632 -32.8341 -30 15 -0 2.31917
58.3102 300.62 -30.6675 -30 15 -0 2.33768
58.4316 300.62 -30.6675 -30 15 -0 2.33768
58.553 299.356 -29.3559 -30 15 -0 2.35619
58.726 299.356 -29.3559 -30 15 -0 2.35619
58.899 297.521 -27.5212 -30 15 -0 2.35619
59.072 295.686 -25.6864 -30 15 -0 2.35619
59.245 293.852 -23.8517 -30 15 -0 2.35619
59.4179 292.017 -22.017 -30 15 -0 2.35619
59.5909 290.182 -20.1822 -30 15 -0 2.35619
59.7639 288.347 -18.3475 -30 15 -0 2.35619
59.9369 286.513 -16.5127 -30 15 -0 2.35619
60.1099 284.678 -14.678 -30 15 -0 2.35619
60.2828 282.843 -12.8432 -30 15 -0 2.35619
60.4558 281.008 -11.0085 -30 15 -0 2.35619
60.6288 279.174 -9.17373 -30 15 -0 2.35619
60.8018 277.339 -7.33898 -30 15 -0 2.35619
60.9748 275.504 -5.50424 -30 15 -0 2.35619
61.1478 273.669 -3.66949 -30 15 -0 2.35619
61.3207 271.835 -1.83475 -30 15 -0 2.35619
61.4937 270 0 -30 15 -0 2.35619
61.7009 270 0 -30 15 -0 2.35619
61.9081 267.802 2.19758 -30 15 -0 2.35619
62.1153 265.605 4.39517 -30 15 -0 2.35619
62.3225 263.407 6.59275 -30 15 -0 2.35619
62.5297 261.21 8.79034 -30 15 -0 2.35619
62.7369 259.012 10.9879 -30 15 -0 2.35619
62.944 256.814 13.1855 -30 15 -0 2.35619
63.1512 254.617 15.3831 -30 15 -0 2.35619
63.3584 252.419 17.5807 -30 15 -0 2.31334
63.6396 252.419 17.5807 -30 15 -0 2.31334
63.9208 249.569 20.687 -30 15 -0 2.22762
64.2019 246.994 24.0259 -30 15 -0 2.1419
64.4831 244.715 27.573 -30 15 -0 2.05619
64.7642 242.748 31.3022 -30 15 -0 1.97047
65.0454 241.107 35.1861 -30 15 -0 1.88476
65.3266 239.805 39.1961 -30 15 -0 1.79904
65.6077 238.851 43.303 -30 15 -0 1.71332
65.8889 238.252 47.4764 -30 15 -0 1.67046
66.1613 238.252 47.4764 -30 15 -0 1.67046
66.4337 237.846 51.5419 -30 15 -0 1.67046
66.7061 237.439 55.6073 -30 15 -0 1.67046
66.9784 237.033 59.6728 -30 15 -0 1.67046
67.2508 236.626 63.7382 -30 15 -0 1.67046
67.5232 236.22 67.8037 -30 15 -0 1.67046
67.7956 235.813 71.8691 -30 15 -0 1.67046
68.068 235.407 75.9346 -30 15 -0 1.67046
68.3403 235 80 -30 15 -0 1.67046
68.5311 235 80 -30 15 -0 1.67046
68.7218 234.715 82.8466 -30 15 -0 1.67046
68.9125 234.431 85.6931 -30 15 -0 1.71644
69.2141 234.431 85.6931 -30 15 -0 1.71644
69.5157 233.774 90.1676 -30 15 -0 1.80838
69.8173 232.71 94.563 -30 15 -0 1.90033
70.1189 231.247 98.842 -30 15 -0 1.99227
70.4205 229.396 102.969 -30 15 -0 2.08422
70.7221 227.175 106.908 -30 15 -0 2.17617
71.0237 224.602 110.627 -30 15 -0 2.26811
71.3253 221.698 114.093 -30 15 -0 2.36006
71.6269 218.487 117.279 -30 15 -0 2.452
71.9285 214.998 120.156 -30 15 -0 2.54395
72.2301 211.26 122.701 -30 15 -0 2.63589
72.5317 207.304 124.891 -30 15 -0 2.72784
72.8333 203.163 126.71 -30 15 -0 2.81978
73.1349 198.873 128.14 -30 15 -0 2.91173
73.4365 194.469 129.17 -30 15 -0 3.00367
73.7381 189.99 129.792 -30 15 -0 3.09562
74.0397 185.472 130 -30 15 -0 3.14159
74.2221 185.472 130 -30 15 -0 3.14159
74.4045 182.736 130 -30 15 -0 3.14159
74.5869 180 130 -30 15 -0 3.14159
74.64 180 130 -30 15 -0 3.14159
74.6932 179.203 130 -30 15 -0 3.19068
75.0152 179.203 130 -30 15 -0 3.19068
75.3372 174.38 129.763 -30 15 -0 3.28885
75.6593 169.604 129.055 -30 15 -0 3.38703
75.9813 164.92 127.881 -30 15 -0 3.4852
76.3033 160.374 126.255 -30 15 -0 3.58338
76.6254 156.009 124.19 -30 15 -0 3.68155
76.9474 151.867 121.708 -30 15 -0 3.77973
77.2694 147.989 118.831 -30 15 -0 3.8779
77.5915 144.411 115.589 -30 15 -0 3.97608
77.9135 141.169 112.011 -30 15 -0 4.07425
78.2355 138.292 108.133 -30 15 -0 4.17243
78.5575 135.81 103.991 -30 15 -0 4.2706
78.8796 133.745 99.6263 -30 15 -0 4.36878
79.2016 132.119 95.0801 -30 15 -0 4.46695
79.5236 130.945 90.3962 -30 15 -0 4.56513
79.8457 130.237 85.62 -30 15 -0 4.6633
80.1677 130 80.7973 -30 15 -0 4.71239
80.2209 130 80.7973 -30 15 -0 4.71239
80.274 130 80 -30 15 -0 4.71239
80.4473 130 80 -30 15 -0 4.71239
80.6205 130 77.401 -30 15 -0 4.71239
80.7938 130 74.8021 -30 15 -0 4.71239
80.9671 130 72.2031 -30 15 -0 4.71239
81.1403 130 69.6042 -30 15 -0 4.71239
81.3136 130 67.0052 -30 15 -0 4.71239
81.4869 130 64.4063 -30 15 -0 4.71239
81.6601 130 61.8073 -30 15 -0 4.71239
81.8334 130 59.2084 -30 15 -0 4.74587
82.053 130 59.2084 -30 15 -0 4.74587
82.2727 130.11 55.9159 -30 15 -0 4.81284
82.4924 130.441 52.6383 -30 15 -0 4.8798
82.712 130.99 49.3901 -30 15 -0 4.94677
82.9317 131.755 46.1859 -30 15 -0 5.01373
83.1513 132.732 43.04 -30 15 -0 5.0807
83.371 133.918 39.9667 -30 15 -0 5.14767
83.5907 135.308 36.9796 -30 15 -0 5.21463
83.8103 136.893 34.0921 -30 15 -0 5.2816
84.03 138.669 31.3173 -30 15 -0 5.34856
84.2496 140.626 28.6674 -30 15 -0 5.41553
84.4693 142.756 26.1545 -30 15 -0 5.48249
84.6889 145.05 23.7898 -30 15 -0 5.54946
84.9086 147.496 21.5838 -30 15 -0 5.61642
85.1283 150.085 19.5464 -30 15 -0 5.68339
85.3479 152.804 17.6869 -30 15 -0 5.75036
85.5676 155.642 16.0135 -30 15 -0 5.78384
85.8463 155.642 16.0135 -30 15 -0 5.78384
86.1249 159.312 14.0118 -30 15 -0 5.78384
86.4036 162.981 12.0101 -30 15 -0 5.78384
86.6823 166.651 10.0084 -30 15 -0 5.78384
86.961 170.321 8.00675 -30 15 -0 5.78384
87.2397 173.991 6.00506 -30 15 -0 5.78384
87.5183 177.66 4.00338 -30 15 -0 5.78384
87.797 181.33 2.00169 -30 15 -0 5.78384
88.0757 185 0 -30 15 -0 5.78384
88.291 185 0 -30 15 -0 5.78384
88.5063 187.835 -1.54636 -30 15 -0 5.78384
88.7216 190.67 -3.09272 -30 15 -0 5.78384
88.9368 193.505 -4.63908 -30 15 -0 5.78384
89.1521 196.34 -6.18544 -30 15 -0 5.78384
89.3674 199.175 -7.7318 -30 15 -0 5.78384
89.5827 202.01 -9.27816 -30 15 -0 5.78384
89.798 204.845 -10.8245 -30 15 -0 5.78384
90.0133 207.68 -12.3709 -30 15 -0 5.82399
90.2767 207.68 -12.3709 -30 15 -0 5.82399
90.5401 211.221 -14.1215 -30 15 -0 5.90428
90.8034 214.89 -15.5825 -30 15 -0 5.98458
91.0668 218.665 -16.7445 -30 15 -0 6.06488
91.3302 222.521 -17.5999 -30 15 -0 6.14517
91.5936 226.433 -18.1433 -30 15 -0 6.22547
91.857 230.376 -18.3712 -30 15 -0 0.0225809
92.1204 234.325 -18.282 -30 15 -0 0.102877
92.3838 238.254 -17.8764 -30 15 -0 0.183174
92.6472 242.138 -17.1569 -30 15 -0 0.263471
92.9105 245.951 -16.1283 -30 15 -0 0.343767
93.1739 249.67 -14.7971 -30 15 -0 0.424064
93.4373 253.27 -13.1719 -30 15 -0 0.50436
93.7007 256.728 -11.2632 -30 15 -0 0.584657
93.9641 260.021 -9.08324 -30 15 -0 0.664953
94.2275 263.13 -6.64615 -30 15 -0 0.74525
94.4909 266.032 -3.96761 -30 15 -0 0.785398
94.6779 266.032 -3.96761 -30 15 -0 0.785398
94.8649 268.016 -1.9838 -30 15 -0 0.785398
95.052 270 0 -30 15 -0 0.785398
95.2357 270 0 -30 15 -0 0.785398
95.4194 271.949 1.94861 -30 15 -0 0.785398
95.6031 273.897 3.89721 -30 15 -0 0.785398
95.7868 275.846 5.84582 -30 15 -0 0.785398
95.9706 277.794 7.79443 -30 15 -0 0.785398
96.1543 279.743 9.74303 -30 15 -0 0.785398
96.338 281.692 11.6916 -30 15 -0 0.785398
96.5217 283.64 13.6402 -30 15 -0 0.785398
96.7054 285.589 15.5889 -30 15 -0 0.736311
97.0274 285.589 15.5889 -30 15 -0 0.736311
97.3495 289.167 18.8315 -30 15 -0 0.638136
97.6715 293.045 21.7078 -30 15 -0 0.539961
97.9935 297.186 24.1902 -30 15 -0 0.441786
98.3156 301.551 26.2547 -30 15 -0 0.343612
98.6376 306.098 27.8813 -30 15 -0 0.245437
98.9596 310.781 29.0546 -30 15 -0 0.147262
99.2817 315.558 29.7631 -30 15 -0 0.0490874
99.6037 320.38 30 -30 15 -0 0
99.7896 320.38 30 -30 15 -0 0
99.9755 323.169 30 -30 15 -0 0
100.161 325.958 30 -30 15 -0 0
100.347 328.747 30 -30 15 -0 0
100.533 331.535 30 -30 15 -0 0
100.719 334.324 30 -30 15 -0 0
100.905 337.113 30 -30 15 -0 0
101.091 339.901 30 -30 15 -0 0
101.277 342.69 30 -30 15 -0 0
101.463 345.479 30 -30 15 -0 0
101.649 348.268 30 -30 15 -0 0
101.835 351.056 30 -30 15 -0 0
102.021 353.845 30 -30 15 -0 0
102.207 356.634 30 -30 15 -0 0
102.392 359.423 30 -30 15 -0 0
102.578 362.211 30 -30 15 -0 0
102.764 365 30 -30 15 -0 0
103.028 365 30 -30 15 -0 0
103.291 368.949 30 -30 15 -0 0
103.554 372.899 30 -30 15 -0 0
103.817 376.848 30 -30 15 -0 0
104.081 380.797 30 -30 15 -0 6.2341
104.403 380.797 30 -30 15 -0 6.2341
104.725 385.62 29.7631 -30 15 -0 6.13592
105.047 390.396 29.0546 -30 15 -0 6.03775
105.369 395.08 27.8813 -30 15 -0 5.93957
105.691 399.626 26.2547 -30 15 -0 5.8414
106.013 403.991 24.1902 -30 15 -0 5.74322
106.335 408.133 21.7078 -30 15 -0 5.64505
106.657 412.011 18.8315 -30 15 -0 5.54687
106.979 415.589 15.5889 -30 15 -0 5.4487
107.301 418.831 12.0111 -30 15 -0 5.35052
107.623 421.708 8.13284 -30 15 -0 5.25235
107.945 424.19 3.99127 -30 15 -0 5.15418
108.267 426.255 -0.373667 -30 15 -0 5.056
108.589 427.881 -4.91994 -30 15 -0 4.95783
108.911 429.055 -9.60376 -30 15 -0 4.85965
109.233 429.763 -14.38 -30 15 -0 4.76148
109.555 430 -19.2027 -30 15 -0 4.71239
109.608 430 -19.2027 -30 15 -0 4.71239
109.662 430 -20 -30 15 -0 4.71239
109.715 430 -20 -30 15 -0 4.71239
109.768 430 -20.7973 -30 15 -0 4.6633
110.09 430 -20.7973 -30 15 -0 4.6633
110.412 429.763 -25.62 -30 15 -0 4.56513
110.734 429.055 -30.3962 -30 15 -0 4.46695
111.056 427.881 -35.0801 -30 15 -0 4.36878
111.378 426.255 -39.6263 -30 15 -0 4.2706
111.7 424.19 -43.9913 -30 15 -0 4.17243
112.022 421.708 -48.1328 -30 15 -0 4.07425
112.344 418.831 -52.0111 -30 15 -0 3.97608
112.666 415.589 -55.5889 -30 15 -0 3.8779
112.988 412.011 -58.8315 -30 15 -0 3.77973
113.31 408.133 -61.7078 -30 15 -0 3.68155
113.632 403.991 -64.1902 -30 15 -0 3.58338
113.954 399.626 -66.2547 -30 15 -0 3.4852
114.276 395.08 -67.8813 -30 15 -0 3.38703
114.598 390.396 -69.0546 -30 15 -0 3.28885
114.92 385.62 -69.7631 -30 15 -0 3.19068
115.242 380.797 -70 -30 15 -0 3.14159
115.296 380.797 -70 -30 15 -0 3.14159
115.349 380 -70 -30 15 -0 3.14159
115.56 380 -70 -30 15 -0 3.14159
115.772 376.825 -70 -30 15 -0 3.14159
115.984 373.65 -70 -30 15 -0 3.14159
116.195 370.476 -70 -30 15 -0 3.14159
116.407 367.301 -70 -30 15 -0 3.14159
116.619 364.126 -70 -30 15 -0 3.14159
116.83 360.951 -70 -30 15 -0 3.14159
117.042 357.776 -70 -30 15 -0 3.14159
117.254 354.601 -70 -30 15 -0 3.11261
117.444 354.601 -70 -30 15 -0 3.11261
117.634 351.751 -69.9174 -30 15 -0 3.05466
117.824 348.911 -69.6698 -30 15 -0 2.9967
118.014 346.09 -69.2582 -30 15 -0 2.93875
118.204 343.297 -68.6838 -30 15 -0 2.88079
118.394 340.542 -67.9486 -30 15 -0 2.82283
118.584 337.835 -67.0551 -30 15 -0 2.76488
118.774 335.183 -66.0062 -30 15 -0 2.70692
118.965 332.597 -64.8055 -30 15 -0 2.64897
119.155 330.085 -63.4571 -30 15 -0 2.59101
119.345 327.655 -61.9654 -30 15 -0 2.53306
119.535 325.316 -60.3355 -30 15 -0 2.4751
119.725 323.075 -58.5727 -30 15 -0 2.41714
119.915 320.94 -56.6832 -30 15 -0 2.35919
120.105 318.918 -54.6731 -30 15 -0 2.30123
120.295 317.015 -52.5493 -30 15 -0 2.24328
120.485 315.239 -50.3189 -30 15 -0 2.2143
120.512 315.239 -50.3189 -30 15 -0 2.2143
120.539 315 -50 -30 15 -0 2.2143
120.718 315 -50 -30 15 -0 2.2143
120.897 313.387 -47.8497 -30 15 -0 2.2143
121.076 311.775 -45.6993 -30 15 -0 2.2143
121.255 310.162 -43.549 -30 15 -0 2.2143
121.434 308.549 -41.3987 -30 15 -0 2.2143
121.614 306.936 -39.2484 -30 15 -0 2.2143
121.793 305.324 -37.098 -30 15 -0 2.2143
121.972 303.711 -34.9477 -30 15 -0 2.2143
122.151 302.098 -32.7974 -30 15 -0 2.24977
122.384 302.098 -32.7974 -30 15 -0 2.24977
122.617 299.906 -30.0813 -30 15 -0 2.32072
122.849 297.527 -27.5274 -30 15 -0 2.35619
123.174 297.527 -27.5274 -30 15 -0 2.35619
123.498 294.087 -24.0865 -30 15 -0 2.35619
123.823 290.646 -20.6456 -30 15 -0 2.35619
124.147 287.205 -17.2046 -30 15 -0 2.35619
124.471 283.764 -13.7637 -30 15 -0 2.35619
124.796 280.323 -10.3228 -30 15 -0 2.35619
125.12 276.882 -6.88186 -30 15 -0 2.35619
125.445 273.441 -3.44093 -30 15 -0 2.35619
125.769 270 0 -30 15 -0 2.35619
125.976 270 0 -30 15 -0 2.35619
126.184 267.802 2.19758 -30 15 -0 2.35619
126.391 265.605 4.39517 -30 15 -0 2.35619
126.598 263.407 6.59275 -30 15 -0 2.35619
126.805 261.21 8.79034 -30 15 -0 2.35619
127.012 259.012 10.9879 -30 15 -0 2.35619
127.219 256.814 13.1855 -30 15 -0 2.35619
127.427 254.617 15.3831 -30 15 -0 2.35619
127.634 252.419 17.5807 -30 15 -0 2.31334
127.915 252.419 17.5807 -30 15 -0 2.31334
128.196 249.569 20.687 -30 15 -0 2.22762
128.477 246.994 24.0259 -30 15 -0 2.1419
128.759 244.715 27.573 -30 15 -0 2.05619
129.04 242.748 31.3022 -30 15 -0 1.97047
129.321 241.107 35.1861 -30 15 -0 1.88476
129.602 239.805 39.1961 -30 15 -0 1.79904
129.883 238.851 43.303 -30 15 -0 1.71332
130.164 238.252 47.4764 -30 15 -0 1.67046
130.437 238.252 47.4764 -30 15 -0 1.67046
130.709 237.846 51.5419 -30 15 -0 1.67046
130.981 237.439 55.6073 -30 15 -0 1.67046
131.254 237.033 59.6728 -30 15 -0 1.67046
131.526 236.626 63.7382 -30 15 -0 1.67046
131.799 236.22 67.8037 -30 15 -0 1.67046
132.071 235.813 71.8691 -30 15 -0 1.67046
132.343 235.407 75.9346 -30 15 -0 1.67046
132.616 235 80 -30 15 -0 1.67046
132.888 235 80 -30 15 -0 1.67046
133.16 234.593 84.065 -30 15 -0 1.67046
133.433 234.187 88.13 -30 15 -0 1.67046
133.705 233.78 92.1951 -30 15 -0 1.67046
133.978 233.374 96.2601 -30 15 -0 1.63275
134.225 233.374 96.2601 -30 15 -0 1.63275
134.472 233.144 99.9633 -30 15 -0 1.55733
134.72 233.194 103.673 -30 15 -0 1.4819
134.967 233.524 107.369 -30 15 -0 1.40647
135.215 234.131 111.029 -30 15 -0 1.33105
135.462 235.012 114.633 -30 15 -0 1.25562
135.709 236.162 118.161 -30 15 -0 1.1802
135.957 237.574 121.592 -30 15 -0 1.10477
136.204 239.242 124.906 -30 15 -0 1.02934
136.452 241.154 128.086 -30 15 -0 0.953917
136.699 243.3 131.112 -30 15 -0 0.878491
136.946 245.669 133.968 -30 15 -0 0.803065
137.194 248.245 136.638 -30 15 -0 0.727639
137.441 251.016 139.106 -30 15 -0 0.652213
137.689 253.965 141.358 -30 15 -0 0.576787
137.936 257.075 143.381 -30 15 -0 0.501361
138.184 260.328 145.164 -30 15 -0 0.463648
138.508 260.328 145.164 -30 15 -0 0.463648
138.833 264.683 147.341 -30 15 -0 0.463648
139.157 269.037 149.519 -30 15 -0 0.463648
139.482 273.392 151.696 -30 15 -0 0.463648
139.806 277.746 153.873 -30 15 -0 0.463648
140.131 282.101 156.05 -30 15 -0 0.463648
140.455 286.455 158.228 -30 15 -0 0.463648
140.78 290.81 160.405 -30 15 -0 0.463648
141.105 295.164 162.582 -30 15 -0 0.463648
141.429 299.519 164.759 -30 15 -0 0.463648
141.754 303.873 166.937 -30 15 -0 0.463648
142.078 308.228 169.114 -30 15 -0 0.463648
142.403 312.582 171.291 -30 15 -0 0.463648
142.727 316.937 173.468 -30 15 -0 0.463648
143.052 321.291 175.646 -30 15 -0 0.463648
143.377 325.646 177.823 -30 15 -0 0.463648
143.701 330 180 -30 15 -0 0.463648
143.883 330 180 -30 15 -0 0.463648
144.064 332.434 181.217 -30 15 -0 0.463648
144.245 334.868 182.434 -30 15 -0 0.463648
144.427 337.302 183.651 -30 15 -0 0.463648
144.608 339.735 184.868 -30 15 -0 0.463648
144.79 342.169 186.085 -30 15 -0 0.463648
144.971 344.603 187.302 -30 15 -0 0.463648
145.152 347.037 188.519 -30 15 -0 0.463648
145.334 349.471 189.735 -30 15 -0 0.463648
145.515 351.905 190.952 -30 15 -0 0.463648
145.697 354.339 192.169 -30 15 -0 0.463648
145.878 356.772 193.386 -30 15 -0 0.463648
146.059 359.206 194.603 -30 15 -0 0.463648
146.241 361.64 195.82 -30 15 -0 0.463648
146.422 364.074 197.037 -30 15 -0 0.463648
146.604 366.508 198.254 -30 15 -0 0.463648
146.785 368.942 199.471 -30 15 -0 0.493219
146.979 368.942 199.471 -30 15 -0 0.493219
147.173 371.505 200.848 -30 15 -0 0.552361
147.367 373.981 202.375 -30 15 -0 0.611503
147.561 376.364 204.045 -30 15 -0 0.670645
147.755 378.643 205.854 -30 15 -0 0.729787
147.949 380.812 207.793 -30 15 -0 0.788929
148.143 382.862 209.858 -30 15 -0 0.848071
148.337 384.786 212.04 -30 15 -0 0.907213
148.531 386.578 214.332 -30 15 -0 0.966355
148.725 388.232 216.726 -30 15 -0 1.0255
148.919 389.741 219.214 -30 15 -0 1.08464
149.113 391.1 221.786 -30 15 -0 1.14378
149.307 392.305 224.435 -30 15 -0 1.20292
149.501 393.352 227.149 -30 15 -0 1.26207
149.695 394.236 229.921 -30 15 -0 1.32121
149.889 394.954 232.741 -30 15 -0 1.38035
150.083 395.505 235.598 -30 15 -0 1.43949
150.277 395.886 238.482 -30 15 -0 1.49863
150.471 396.096 241.384 -30 15 -0 1.55778
150.665 396.134 244.293 -30 15 -0 1.61692
150.859 396 247.2 -30 15 -0 1.67606
151.053 395.694 250.093 -30 15 -0 1.7352
151.247 395.218 252.964 -30 15 -0 1.79434
151.441 394.573 255.801 -30 15 -0 1.85349
151.635 393.761 258.595 -30 15 -0 1.91263
151.829 392.786 261.336 -30 15 -0 1.97177
152.023 391.65 264.015 -30 15 -0 2.03091
152.217 390.358 266.622 -30 15 -0 2.09006
152.411 388.914 269.148 -30 15 -0 2.1492
152.605 387.324 271.584 -30 15 -0 2.20834
152.799 385.592 273.922 -30 15 -0 2.26748
152.993 383.725 276.153 -30 15 -0 2.32662
153.187 381.729 278.271 -30 15 -0 2.35619
153.35 381.729 278.271 -30 15 -0 2.35619
153.513 380 280 -30 15 -0 2.35619
153.692 380 280 -30 15 -0 2.35619
153.872 378.099 281.901 -30 15 -0 2.35619
154.051 376.198 283.802 -30 15 -0 2.35619
154.23 374.297 285.703 -30 15 -0 2.35619
154.409 372.396 287.604 -30 15 -0 2.35619
154.588 370.495 289.505 -30 15 -0 2.35619
154.768 368.594 291.406 -30 15 -0 2.35619
154.947 366.693 293.307 -30 15 -0 2.35619
155.126 364.792 295.208 -30 15 -0 2.40528
155.448 364.792 295.208 -30 15 -0 2.40528
155.77 361.214 298.451 -30 15 -0 2.50346
156.092 357.336 301.327 -30 15 -0 2.60163
156.414 353.194 303.81 -30 15 -0 2.69981
156.736 348.829 305.874 -30 15 -0 2.79798
157.058 344.283 307.501 -30 15 -0 2.89616
157.38 339.599 308.674 -30 15 -0 2.99433
157.702 334.823 309.383 -30 15 -0 3.09251
158.024 330 309.62 -30 15 -0 3.19068
158.346 325.177 309.383 -30 15 -0 3.28885
158.668 320.401 308.674 -30 15 -0 3.38703
158.991 315.717 307.501 -30 15 -0 3.4852
159.313 311.171 305.874 -30 15 -0 3.58338
159.635 306.806 303.81 -30 15 -0 3.68155
159.957 302.664 301.327 -30 15 -0 3.77973
160.279 298.786 298.451 -30 15 -0 3.8779
160.601 295.208 295.208 -30 15 -0 3.92699
160.846 295.208 295.208 -30 15 -0 3.92699
161.092 292.604 292.604 -30 15 -0 3.92699
161.337 290 290 -30 15 -0 3.92699
161.573 290 290 -30 15 -0 3.92699
161.809 287.5 287.5 -30 15 -0 3.92699
162.044 285 285 -30 15 -0 3.92699
162.28 282.5 282.5 -30 15 -0 3.92699
162.516 280 280 -30 15 -0 3.92699
162.751 277.5 277.5 -30 15 -0 3.92699
162.987 275 275 -30 15 -0 3.92699
163.223 272.5 272.5 -30 15 -0 3.92699
163.459 270 270 -30 15 -0 3.92699
163.694 267.5 267.5 -30 15 -0 3.92699
163.93 265 265 -30 15 -0 3.92699
164.166 262.5 262.5 -30 15 -0 3.92699
164.401 260 260 -30 15 -0 3.92699
164.637 257.5 257.5 -30 15 -0 3.92699
164.873 255 255 -30 15 -0 3.92699
165.108 252.5 252.5 -30 15 -0 3.92699
165.344 250 250 -30 15 -0 3.92699
165.639 250 250 -30 15 -0 3.92699
165.933 246.875 246.875 -30 15 -0 3.92699
166.228 243.75 243.75 -30 15 -0 3.92699
166.523 240.625 240.625 -30 15 -0 3.92699
166.817 237.5 237.5 -30 15 -0 3.92699
167.112 234.375 234.375 -30 15 -0 3.92699
167.407 231.25 231.25 -30 15 -0 3.92699
167.701 228.125 228.125 -30 15 -0 3.92699
167.996 225 225 -30 15 -0 3.92699
168.29 225 225 -30 15 -0 3.92699
168.585 221.875 221.875 -30 15 -0 3.92699
168.88 218.75 218.75 -30 15 -0 3.92699
169.174 215.625 215.625 -30 15 -0 3.92699
169.469 212.5 212.5 -30 15 -0 3.92699
169.764 209.375 209.375 -30 15 -0 3.92699
170.058 206.25 206.25 -30 15 -0 3.92699
170.353 203.125 203.125 -30 15 -0 3.92699
170.647 200 200 -30 15 -0 3.92699
170.854 200 200 -30 15 -0 3.92699
171.06 197.813 197.813 -30 15 -0 3.92699
171.266 195.625 195.625 -30 15 -0 3.92699
171.472 193.438 193.438 -30 15 -0 3.92699
171.679 191.25 191.25 -30 15 -0 3.92699
171.885 189.063 189.063 -30 15 -0 3.92699
172.091 186.875 186.875 -30 15 -0 3.92699
172.297 184.688 184.688 -30 15 -0 3.92699
172.504 182.5 182.5 -30 15 -0 3.92699
172.71 180.313 180.313 -30 15 -0 3.92699
172.916 178.125 178.125 -30 15 -0 3.92699
173.122 175.938 175.938 -30 15 -0 3.92699
173.329 173.75 173.75 -30 15 -0 3.92699
173.535 171.563 171.563 -30 15 -0 3.92699
173.741 169.375 169.375 -30 15 -0 3.92699
173.947 167.188 167.188 -30 15 -0 3.92699
174.154 165 165 -30 15 -0 3.92699
174.173 165 165 -30 15 -0 3.92699
174.193 164.792 164.792 -30 15 -0 3.8779
174.515 164.792 164.792 -30 15 -0 3.8779
174.837 161.214 161.549 -30 15 -0 3.77973
175.159 157.336 158.673 -30 15 -0 3.68155
175.481 153.194 156.19 -30 15 -0 3.58338
175.803 148.829 154.126 -30 15 -0 3.4852
176.125 144.283 152.499 -30 15 -0 3.38703
176.447 139.599 151.326 -30 15 -0 3.28885
176.769 134.823 150.617 -30 15 -0 3.19068
177.091 130 150.38 -30 15 -0 3.09251
177.413 125.177 150.617 -30 15 -0 2.99433
177.735 120.401 151.326 -30 15 -0 2.89616
178.057 115.717 152.499 -30 15 -0 2.79798
178.379 111.171 154.126 -30 15 -0 2.69981
178.701 106.806 156.19 -30 15 -0 2.60163
179.023 102.664 158.673 -30 15 -0 2.50346
179.345 98.7861 161.549 -30 15 -0 2.40528
179.667 95.2084 164.792 -30 15 -0 2.35619
179.847 95.2084 164.792 -30 15 -0 2.35619
180.026 93.3074 166.693 -30 15 -0 2.35619
180.205 91.4063 168.594 -30 15 -0 2.35619
180.384 89.5053 170.495 -30 15 -0 2.35619
180.564 87.6042 172.396 -30 15 -0 2.35619
180.743 85.7032 174.297 -30 15 -0 2.35619
180.922 83.8021 176.198 -30 15 -0 2.35619
181.101 81.9011 178.099 -30 15 -0 2.35619
181.28 80 180 -30 15 -0 2.35619
181.46 80 180 -30 15 -0 2.35619
181.639 78.0989 181.901 -30 15 -0 2.35619
181.818 76.1979 183.802 -30 15 -0 2.35619
181.997 74.2968 185.703 -30 15 -0 2.35619
182.177 72.3958 187.604 -30 15 -0 2.35619
182.356 70.4947 189.505 -30 15 -0 2.35619
182.535 68.5937 191.406 -30 15 -0 2.35619
182.714 66.6926 193.307 -30 15 -0 2.35619
182.894 64.7916 195.208 -30 15 -0 2.30711
183.216 64.7916 195.208 -30 15 -0 2.30711
183.538 61.549 198.786 -30 15 -0 2.20893
183.86 58.6726 202.664 -30 15 -0 2.11076
184.182 56.1902 206.806 -30 15 -0 2.01258
184.504 54.1258 211.171 -30 15 -0 1.91441
184.826 52.4991 215.717 -30 15 -0 1.81623
185.148 51.3259 220.401 -30 15 -0 1.71806
185.47 50.6174 225.177 -30 15 -0 1.61988
185.792 50.3804 230 -30 15 -0 1.52171
186.114 50.6174 234.823 -30 15 -0 1.42353
186.436 51.3259 239.599 -30 15 -0 1.32536
186.758 52.4991 244.283 -30 15 -0 1.22718
187.08 54.1258 248.829 -30 15 -0 1.12901
187.402 56.1902 253.194 -30 15 -0 1.03084
187.724 58.6726 257.336 -30 15 -0 0.93266
188.046 61.549 261.214 -30 15 -0 0.834486
188.368 64.7916 264.792 -30 15 -0 0.785398
188.547 64.7916 264.792 -30 15 -0 0.785398
188.727 66.6926 266.693 -30 15 -0 0.785398
188.906 68.5937 268.594 -30 15 -0 0.785398
189.085 70.4947 270.495 -30 15 -0 0.785398
189.264 72.3958 272.396 -30 15 -0 0.785398
189.443 74.2968 274.297 -30 15 -0 0.785398
189.623 76.1979 276.198 -30 15 -0 0.785398
189.802 78.0989 278.099 -30 15 -0 0.785398
189.981 80 280 -30 15 -0 0.785398
190.283 80 280 -30 15 -0 0.785398
190.585 83.2029 283.203 -30 15 -0 0.785398
190.887 86.4059 286.406 -30 15 -0 0.785398
191.189 89.6088 289.609 -30 15 -0 0.785398
191.491 92.8117 292.812 -30 15 -0 0.759814
191.659 92.8117 292.812 -30 15 -0 0.759814
191.827 94.6367 294.546 -30 15 -0 0.708647
191.995 96.548 296.184 -30 15 -0 0.657479
192.162 98.5405 297.722 -30 15 -0 0.606311
192.33 100.609 299.157 -30 15 -0 0.555144
192.498 102.748 300.484 -30 15 -0 0.503976
192.666 104.953 301.699 -30 15 -0 0.452809
192.834 107.216 302.801 -30 15 -0 0.401641
193.002 109.533 303.785 -30 15 -0 0.350473
193.169 111.898 304.649 -30 15 -0 0.299306
193.337 114.303 305.391 -30 15 -0 0.248138
193.505 116.743 306.009 -30 15 -0 0.19697
193.673 119.212 306.502 -30 15 -0 0.145803
193.841 121.702 306.868 -30 15 -0 0.094635
194.009 124.209 307.106 -30 15 -0 0.0434674
194.176 126.723 307.215 -30 15 -0 6.27549
194.344 129.241 307.196 -30 15 -0 6.22432
194.512 131.754 307.048 -30 15 -0 6.17315
194.68 134.256 306.771 -30 15 -0 6.12198
194.848 136.74 306.367 -30 15 -0 6.07081
195.016 139.201 305.836 -30 15 -0 6.01965
195.184 141.632 305.181 -30 15 -0 5.96848
195.351 144.025 304.402 -30 15 -0 5.91731
195.519 146.376 303.501 -30 15 -0 5.86614
195.687 148.678 302.481 -30 15 -0 5.81498
195.855 150.924 301.345 -30 15 -0 5.76381
196.023 153.109 300.096 -30 15 -0 5.71264
196.191 155.228 298.736 -30 15 -0 5.66147
196.358 157.274 297.27 -30 15 -0 5.61031
196.526 159.243 295.701 -30 15 -0 5.55914
196.694 161.129 294.034 -30 15 -0 5.50797
196.862 162.927 292.272 -30 15 -0 5.4568
197.03 164.632 290.42 -30 15 -0 5.43122
197.067 164.632 290.42 -30 15 -0 5.43122
197.104 165 290 -30 15 -0 5.43122
197.319 165 290 -30 15 -0 5.43122
197.534 167.12 287.577 -30 15 -0 5.43122
197.748 169.24 285.154 -30 15 -0 5.43122
197.963 171.36 282.731 -30 15 -0 5.43122
198.177 173.48 280.308 -30 15 -0 5.43122
198.392 175.6 277.885 -30 15 -0 5.43122
198.607 177.72 275.462 -30 15 -0 5.43122
198.821 179.841 273.039 -30 15 -0 5.43122
199.036 181.961 270.616 -30 15 -0 5.43122
199.251 184.081 268.194 -30 15 -0 5.43122
199.465 186.201 265.771 -30 15 -0 5.43122
199.68 188.321 263.348 -30 15 -0 5.43122
199.895 190.441 260.925 -30 15 -0 5.43122
200.109 192.561 258.502 -30 15 -0 5.43122
200.324 194.681 256.079 -30 15 -0 5.43122
200.538 196.801 253.656 -30 15 -0 5.43122
200.753 198.921 251.233 -30 15 -0 5.4645
200.971 198.921 251.233 -30 15 -0 5.4645
201.19 201.158 248.842 -30 15 -0 5.49779
201.471 201.158 248.842 -30 15 -0 5.49779
201.752 204.139 245.861 -30 15 -0 5.49779
202.033 207.119 242.881 -30 15 -0 5.49779
202.314 210.099 239.901 -30 15 -0 5.49779
202.595 213.079 236.921 -30 15 -0 5.49779
202.876 216.059 233.941 -30 15 -0 5.49779
203.157 219.04 230.96 -30 15 -0 5.49779
203.438 222.02 227.98 -30 15 -0 5.49779
203.719 225 225 -30 15 -0 5.49779
203.947 225 225 -30 15 -0 5.49779
204.176 227.424 222.576 -30 15 -0 5.49779
204.404 229.848 220.152 -30 15 -0 5.49779
204.633 232.271 217.729 -30 15 -0 5.49779
204.861 234.695 215.305 -30 15 -0 5.47189
205.031 234.695 215.305 -30 15 -0 5.47189
205.201 236.45 213.457 -30 15 -0 5.42008
205.371 238.107 211.52 -30 15 -0 5.36828
205.541 239.661 209.5 -30 15 -0 5.31648
205.711 241.109 207.403 -30 15 -0 5.26467
205.881 242.446 205.233 -30 15 -0 5.21287
206.051 243.669 202.997 -30 15 -0 5.16107
206.221 244.774 200.701 -30 15 -0 5.10926
206.39 245.759 198.35 -30 15 -0 5.05746
206.56 246.621 195.952 -30 15 -0 5.00566
206.73 247.358 193.512 -30 15 -0 4.95385
206.9 247.968 191.038 -30 15 -0 4.90205
207.07 248.448 188.535 -30 15 -0 4.85025
207.24 248.798 186.01 -30 15 -0 4.79845
207.41 249.017 183.471 -30 15 -0 4.74664
207.58 249.105 180.924 -30 15 -0 4.69484
207.75 249.06 178.376 -30 15 -0 4.66894
207.945 249.06 178.376 -30 15 -0 4.66894
208.139 248.933 175.458 -30 15 -0 4.66894
208.334 248.806 172.54 -30 15 -0 4.66894
208.529 248.679 169.622 -30 15 -0 4.66894
208.723 248.552 166.704 -30 15 -0 4.66894
208.918 248.425 163.786 -30 15 -0 4.66894
209.113 248.299 160.868 -30 15 -0 4.66894
209.308 248.172 157.95 -30 15 -0 4.66894
209.502 248.045 155.032 -30 15 -0 4.66894
209.697 247.918 152.114 -30 15 -0 4.66894
209.892 247.791 149.196 -30 15 -0 4.66894
210.086 247.664 146.278 -30 15 -0 4.66894
210.281 247.537 143.36 -30 15 -0 4.66894
210.476 247.411 140.442 -30 15 -0 4.66894
210.671 247.284 137.524 -30 15 -0 4.66894
210.865 247.157 134.606 -30 15 -0 4.66894
211.06 247.03 131.688 -30 15 -0 4.66894
211.255 246.903 128.77 -30 15 -0 4.66894
211.449 246.776 125.852 -30 15 -0 4.66894
211.644 246.649 122.934 -30 15 -0 4.66894
211.839 246.522 120.016 -30 15 -0 4.66894
212.034 246.396 117.098 -30 15 -0 4.66894
212.228 246.269 114.18 -30 15 -0 4.66894
212.423 246.142 111.262 -30 15 -0 4.66894
212.618 246.015 108.344 -30 15 -0 4.66894
212.812 245.888 105.426 -30 15 -0 4.66894
213.007 245.761 102.508 -30 15 -0 4.66894
213.202 245.634 99.59 -30 15 -0 4.66894
213.397 245.507 96.672 -30 15 -0 4.66894
213.591 245.381 93.754 -30 15 -0 4.66894
213.786 245.254 90.836 -30 15 -0 4.66894
213.981 245.127 87.918 -30 15 -0 4.66894
214.175 245 85 -30 15 -0 4.66894
214.363 245 85 -30 15 -0 4.66894
214.551 244.878 82.1859 -30 15 -0 4.66894
214.739 244.755 79.3718 -30 15 -0 4.66894
214.927 244.633 76.5578 -30 15 -0 4.66894
215.114 244.511 73.7437 -30 15 -0 4.66894
215.302 244.388 70.9296 -30 15 -0 4.66894
215.49 244.266 68.1155 -30 15 -0 4.66894
215.678 244.144 65.3014 -30 15 -0 4.66894
215.866 244.021 62.4874 -30 15 -0 4.66894
216.053 243.899 59.6733 -30 15 -0 4.66894
216.241 243.776 56.8592 -30 15 -0 4.66894
216.429 243.654 54.0451 -30 15 -0 4.66894
216.617 243.532 51.231 -30 15 -0 4.66894
216.804 243.409 48.4169 -30 15 -0 4.66894
216.992 243.287 45.6029 -30 15 -0 4.66894
217.18 243.165 42.7888 -30 15 -0 4.66894
217.368 243.042 39.9747 -30 15 -0 4.66894
217.556 242.92 37.1606 -30 15 -0 4.66894
217.743 242.798 34.3465 -30 15 -0 4.66894
217.931 242.675 31.5325 -30 15 -0 4.66894
218.119 242.553 28.7184 -30 15 -0 4.66894
218.307 242.431 25.9043 -30 15 -0 4.66894
218.494 242.308 23.0902 -30 15 -0 4.66894
218.682 242.186 20.2761 -30 15 -0 4.66894
218.87 242.064 17.4621 -30 15 -0 4.66894
219.058 241.941 14.648 -30 15 -0 4.66894
219.246 241.819 11.8339 -30 15 -0 4.66894
219.433 241.697 9.01981 -30 15 -0 4.66894
219.621 241.574 6.20573 -30 15 -0 4.66894
219.809 241.452 3.39165 -30 15 -0 4.66894
219.997 241.329 0.57757 -30 15 -0 4.66894
220.185 241.207 -2.23651 -30 15 -0 4.66894
220.372 241.085 -5.05059 -30 15 -0 4.63958
220.565 241.085 -5.05059 -30 15 -0 4.63958
220.757 240.875 -7.93117 -30 15 -0 4.58087
220.95 240.496 -10.7944 -30 15 -0 4.52217
221.143 239.95 -13.6306 -30 15 -0 4.46346
221.335 239.238 -16.4298 -30 15 -0 4.40475
221.528 238.364 -19.1824 -30 15 -0 4.34604
221.72 237.329 -21.879 -30 15 -0 4.28733
221.913 236.138 -24.5102 -30 15 -0 4.22862
222.105 234.795 -27.067 -30 15 -0 4.16991
222.298 233.304 -29.5405 -30 15 -0 4.1112
222.491 231.67 -31.9224 -30 15 -0 4.05249
222.683 229.899 -34.2042 -30 15 -0 3.99379
222.876 227.998 -36.3783 -30 15 -0 3.93508
223.068 225.972 -38.437 -30 15 -0 3.87637
223.261 223.829 -40.3733 -30 15 -0 3.81766
223.454 221.576 -42.1806 -30 15 -0 3.75895
223.646 219.221 -43.8525 -30 15 -0 3.7296
223.857 219.221 -43.8525 -30 15 -0 3.7296
224.068 216.589 -45.6071 -30 15 -0 3.7296
224.279 213.957 -47.3617 -30 15 -0 3.7296
224.49 211.325 -49.1163 -30 15 -0 3.7296
224.7 208.694 -50.871 -30 15 -0 3.7296
224.911 206.062 -52.6256 -30 15 -0 3.7296
225.122 203.43 -54.3802 -30 15 -0 3.7296
225.333 200.798 -56.1348 -30 15 -0 3.7296
225.544 198.166 -57.8894 -30 15 -0 3.7296
225.755 195.534 -59.644 -30 15 -0 3.7296
225.966 192.902 -61.3986 -30 15 -0 3.7296
226.177 190.27 -63.1532 -30 15 -0 3.7296
226.388 187.638 -64.9078 -30 15 -0 3.7296
226.598 185.006 -66.6624 -30 15 -0 3.7296
226.809 182.374 -68.417 -30 15 -0 3.7296
227.02 179.743 -70.1717 -30 15 -0 3.7296
227.231 177.111 -71.9263 -30 15 -0 3.7296
227.442 174.479 -73.6809 -30 15 -0 3.7296
227.653 171.847 -75.4355 -30 15 -0 3.7296
227.864 169.215 -77.1901 -30 15 -0 3.7296
228.075 166.583 -78.9447 -30 15 -0 3.7296
228.285 163.951 -80.6993 -30 15 -0 3.7296
228.496 161.319 -82.4539 -30 15 -0 3.7296
228.707 158.687 -84.2085 -30 15 -0 3.7296
228.918 156.055 -85.9631 -30 15 -0 3.7296
229.129 153.423 -87.7177 -30 15 -0 3.7296
229.34 150.791 -89.4723 -30 15 -0 3.7296
229.551 148.16 -91.227 -30 15 -0 3.7296
229.762 145.528 -92.9816 -30 15 -0 3.7296
229.972 142.896 -94.7362 -30 15 -0 3.7296
230.183 140.264 -96.4908 -30 15 -0 3.7296
230.394 137.632 -98.2454 -30 15 -0 3.7296
230.605 135 -100 -30 15 -0 3.7296
230.846 135 -100 -30 15 -0 3.7296
231.087 131.993 -102.004 -30 15 -0 3.7296
231.328 128.987 -104.009 -30 15 -0 3.7296
231.569 125.98 -106.013 -30 15 -0 3.7296
231.81 122.973 -108.018 -30 15 -0 3.7296
232.05 119.967 -110.022 -30 15 -0 3.7296
232.291 116.96 -112.027 -30 15 -0 3.7296
232.532 113.953 -114.031 -30 15 -0 3.7296
232.773 110.947 -116.036 -30 15 -0 3.7296
233.014 107.94 -118.04 -30 15 -0 3.7296
233.255 104.933 -120.044 -30 15 -0 3.7296
233.496 101.927 -122.049 -30 15 -0 3.7296
233.737 98.9201 -124.053 -30 15 -0 3.7296
233.978 95.9135 -126.058 -30 15 -0 3.7296
234.219 92.9068 -128.062 -30 15 -0 3.7296
234.46 89.9001 -130.067 -30 15 -0 3.7296
234.7 86.8935 -132.071 -30 15 -0 3.7296
234.941 83.8868 -134.075 -30 15 -0 3.7296
235.182 80.8802 -136.08 -30 15 -0 3.7296
235.423 77.8735 -138.084 -30 15 -0 3.7296
235.664 74.8669 -140.089 -30 15 -0 3.7296
235.905 71.8602 -142.093 -30 15 -0 3.7296
236.146 68.8535 -144.098 -30 15 -0 3.7296
236.387 65.8469 -146.102 -30 15 -0 3.7296
236.628 62.8402 -148.107 -30 15 -0 3.7296
236.869 59.8336 -150.111 -30 15 -0 3.7296
237.109 56.8269 -152.115 -30 15 -0 3.7296
237.35 53.8203 -154.12 -30 15 -0 3.7296
237.591 50.8136 -156.124 -30 15 -0 3.7296
237.832 47.8069 -158.129 -30 15 -0 3.7296
238.073 44.8003 -160.133 -30 15 -0 3.7296
238.314 41.7936 -162.138 -30 15 -0 3.7296
238.555 38.787 -164.142 -30 15 -0 3.70317
238.728 38.787 -164.142 -30 15 -0 3.70317
238.902 36.5859 -165.527 -30 15 -0 3.65031
239.075 34.3148 -166.793 -30 15 -0 3.59745
239.248 31.98 -167.938 -30 15 -0 3.5446
239.422 29.5879 -168.958 -30 15 -0 3.49174
239.595 27.1453 -169.85 -30 15 -0 3.43888
239.769 24.659 -170.612 -30 15 -0 3.38603
239.942 22.1359 -171.241 -30 15 -0 3.33317
240.115 19.5831 -171.736 -30 15 -0 3.30674
240.283 19.5831 -171.736 -30 15 -0 3.30674
240.451 17.0961 -172.151 -30 15 -0 3.30674
240.62 14.6091 -172.565 -30 15 -0 3.30674
240.788 12.1222 -172.98 -30 15 -0 3.30674
240.956 9.63519 -173.394 -30 15 -0 3.30674
241.124 7.14822 -173.809 -30 15 -0 3.30674
241.292 4.66125 -174.223 -30 15 -0 3.30674
241.46 2.17428 -174.638 -30 15 -0 3.30674
241.628 -0.312696 -175.052 -30 15 -0 3.30674
241.796 -2.79967 -175.467 -30 15 -0 3.30674
241.964 -5.28664 -175.881 -30 15 -0 3.30674
242.132 -7.77361 -176.296 -30 15 -0 3.30674
242.3 -10.2606 -176.71 -30 15 -0 3.30674
242.468 -12.7476 -177.125 -30 15 -0 3.30674
242.637 -15.2345 -177.539 -30 15 -0 3.30674
242.805 -17.7215 -177.954 -30 15 -0 3.30674
242.973 -20.2085 -178.368 -30 15 -0 3.30674
243.141 -22.6954 -178.783 -30 15 -0 3.30674
243.309 -25.1824 -179.197 -30 15 -0 3.30674
243.477 -27.6694 -179.612 -30 15 -0 3.30674
243.645 -30.1563 -180.026 -30 15 -0 3.30674
243.813 -32.6433 -180.441 -30 15 -0 3.30674
243.981 -35.1303 -180.855 -30 15 -0 3.30674
244.149 -37.6173 -181.27 -30 15 -0 3.30674
244.317 -40.1042 -181.684 -30 15 -0 3.30674
244.486 -42.5912 -182.099 -30 15 -0 3.30674
244.654 -45.0782 -182.513 -30 15 -0 3.30674
244.822 -47.5651 -182.928 -30 15 -0 3.30674
244.99 -50.0521 -183.342 -30 15 -0 3.30674
245.158 -52.5391 -183.757 -30 15 -0 3.30674
245.326 -55.0261 -184.171 -30 15 -0 3.30674
245.494 -57.513 -184.586 -30 15 -0 3.30674
245.662 -60 -185 -30 15 -0 3.30674
245.844 -60 -185 -30 15 -0 3.30674
246.025 -62.687 -185.448 -30 15 -0 3.30674
246.207 -65.374 -185.896 -30 15 -0 3.30674
246.389 -68.0609 -186.343 -30 15 -0 3.30674
246.57 -70.7479 -186.791 -30 15 -0 3.30674
246.752 -73.4349 -187.239 -30 15 -0 3.30674
246.933 -76.1219 -187.687 -30 15 -0 3.30674
247.115 -78.8088 -188.135 -30 15 -0 3.30674
247.297 -81.4958 -188.583 -30 15 -0 3.30674
247.478 -84.1828 -189.03 -30 15 -0 3.30674
247.66 -86.8698 -189.478 -30 15 -0 3.30674
247.841 -89.5567 -189.926 -30 15 -0 3.30674
248.023 -92.2437 -190.374 -30 15 -0 3.30674
248.205 -94.9307 -190.822 -30 15 -0 3.30674
248.386 -97.6177 -191.27 -30 15 -0 3.30674
248.568 -100.305 -191.717 -30 15 -0 3.30674
248.749 -102.992 -192.165 -30 15 -0 3.30674
248.931 -105.679 -192.613 -30 15 -0 3.30674
249.113 -108.366 -193.061 -30 15 -0 3.30674
249.294 -111.053 -193.509 -30 15 -0 3.30674
249.476 -113.74 -193.957 -30 15 -0 3.30674
249.657 -116.427 -194.404 -30 15 -0 3.30674
249.839 -119.113 -194.852 -30 15 -0 3.30674
250.021 -121.8 -195.3 -30 15 -0 3.30674
250.202 -124.487 -195.748 -30 15 -0 3.30674
250.384 -127.174 -196.196 -30 15 -0 3.30674
250.565 -129.861 -196.644 -30 15 -0 3.30674
250.747 -132.548 -197.091 -30 15 -0 3.30674
250.929 -135.235 -197.539 -30 15 -0 3.30674
251.11 -137.922 -197.987 -30 15 -0 3.30674
251.292 -140.609 -198.435 -30 15 -0 3.30674
251.473 -143.296 -198.883 -30 15 -0 3.30674
251.655 -145.983 -199.331 -30 15 -0 3.26545
251.926 -145.983 -199.331 -30 15 -0 3.26545
252.197 -150.014 -199.832 -30 15 -0 3.18288
252.468 -154.072 -200 -30 15 -0 3.14159
252.642 -154.072 -200 -30 15 -0 3.14159
252.816 -156.688 -200 -30 15 -0 3.14159
252.991 -159.304 -200 -30 15 -0 3.14159
253.165 -161.92 -200 -30 15 -0 3.14159
253.34 -164.536 -200 -30 15 -0 3.14159
253.514 -167.152 -200 -30 15 -0 3.14159
253.688 -169.768 -200 -30 15 -0 3.14159
253.863 -172.384 -200 -30 15 -0 3.14159
