time x y z V_A gamma chi
0 37.5 0 -30 15.0  -0 0
0.186052 37.5 0 -30 15.0  -0 0
0.372104 40.2908 0 -30 15.0  -0 0
0.558156 43.0816 0 -30 15.0  -0 0
0.744208 45.8723 0 -30 15.0  -0 0
0.93026 48.6631 0 -30 15.0  -0 0.0365799
1.12408 48.6631 0 -30 15.0  -0 0.0365799
1.3179 51.5679 0.106302 -30 15.0  -0 0.10974
1.51173 54.4571 0.424641 -30 15.0  -0 0.182899
1.70555 57.3153 0.953312 -30 15.0  -0 0.256059
1.89937 60.1272 1.68949 -30 15.0  -0 0.329219
2.09319 62.8777 2.62923 -30 15.0  -0 0.402379
2.28701 65.5523 3.76751 -30 15.0  -0 0.475538
2.48084 68.1365 5.09824 -30 15.0  -0 0.548698
2.67466 70.6165 6.6143 -30 15.0  -0 0.621858
2.86848 72.979 8.30757 -30 15.0  -0 0.695017
3.0623 75.2115 10.169 -30 15.0  -0 0.768177
3.25612 77.3019 12.1886 -30 15.0  -0 0.841337
3.44995 79.2391 14.3557 -30 15.0  -0 0.914497
3.64377 81.0127 16.6585 -30 15.0  -0 0.987656
3.83759 82.6133 19.0848 -30 15.0  -0 1.06082
4.03141 84.0322 21.6217 -30 15.0  -0 1.13398
4.22524 85.2619 24.2554 -30 15.0  -0 1.17056
4.40957 85.2619 24.2554 -30 15.0  -0 1.17056
4.59391 86.3393 26.8019 -30 15.0  -0 1.17056
4.77825 87.4167 29.3485 -30 15.0  -0 1.17056
4.96259 88.494 31.895 -30 15.0  -0 1.17056
5.14692 89.5714 34.4416 -30 15.0  -0 1.17056
5.33126 90.6488 36.9881 -30 15.0  -0 1.17056
5.5156 91.7262 39.5346 -30 15.0  -0 1.17056
5.69994 92.8036 42.0812 -30 15.0  -0 1.17056
5.88428 93.881 44.6277 -30 15.0  -0 1.17056
6.06861 94.9583 47.1742 -30 15.0  -0 1.17056
6.25295 96.0357 49.7208 -30 15.0  -0 1.17056
6.43729 97.1131 52.2673 -30 15.0  -0 1.17056
6.62163 98.1905 54.8139 -30 15.0  -0 1.17056
6.80597 99.2679 57.3604 -30 15.0  -0 1.17056
6.9903 100.345 59.9069 -30 15.0  -0 1.17056
7.17464 101.423 62.4535 -30 15.0  -0 1.17056
7.35898 102.5 65 -30 15.0  -0 1.17056
7.5359 102.5 65 -30 15.0  -0 1.17056
7.71282 103.534 67.4441 -30 15.0  -0 1.17056
7.88975 104.568 69.8882 -30 15.0  -0 1.17056
8.06667 105.602 72.3323 -30 15.0  -0 1.17056
8.24359 106.636 74.7764 -30 15.0  -0 1.23215
8.56996 106.636 74.7764 -30 15.0  -0 1.23215
8.89633 108.261 79.3909 -30 15.0  -0 1.35534
9.22269 109.307 84.1702 -30 15.0  -0 1.47853
9.54906 109.758 89.0418 -30 15.0  -0 1.60172
9.87543 109.607 93.9319 -30 15.0  -0 1.72491
10.2018 108.856 98.7663 -30 15.0  -0 1.8481
10.5282 107.517 103.472 -30 15.0  -0 1.97129
10.8545 105.609 107.977 -30 15.0  -0 2.09448
11.1809 103.163 112.214 -30 15.0  -0 2.21767
11.5073 100.214 116.118 -30 15.0  -0 2.34086
11.8336 96.808 119.63 -30 15.0  -0 2.46405
12.16 92.9962 122.697 -30 15.0  -0 2.58724
12.4864 88.8365 125.272 -30 15.0  -0 2.71043
12.8127 84.3918 127.317 -30 15.0  -0 2.83362
13.1391 79.7296 128.8 -30 15.0  -0 2.95681
13.4655 74.9205 129.699 -30 15.0  -0 3.08
13.7918 70.0374 130 -30 15.0  -0 3.14159
13.9587 70.0374 130 -30 15.0  -0 3.14159
14.1255 67.5351 130 -30 15.0  -0 3.14159
14.2923 65.0327 130 -30 15.0  -0 3.14159
14.4591 62.5304 130 -30 15.0  -0 3.14159
14.6259 60.028 130 -30 15.0  -0 3.14159
14.7928 57.5257 130 -30 15.0  -0 3.14159
14.9596 55.0234 130 -30 15.0  -0 3.14159
15.1264 52.521 130 -30 15.0  -0 3.14159
15.2932 50.0187 130 -30 15.0  -0 3.14159
15.4601 47.5164 130 -30 15.0  -0 3.14159
15.6269 45.014 130 -30 15.0  -0 3.14159
15.7937 42.5117 130 -30 15.0  -0 3.14159
15.9605 40.0093 130 -30 15.0  -0 3.14159
16.1273 37.507 130 -30 15.0  -0 3.14159
16.2942 35.0047 130 -30 15.0  -0 3.14159
16.461 32.5023 130 -30 15.0  -0 3.14159
16.6278 30 130 -30 15.0  -0 3.14159
16.8789 30 130 -30 15.0  -0 3.14159
17.13 26.2337 130 -30 15.0  -0 3.14159
17.3811 22.4674 130 -30 15.0  -0 3.14159
17.6322 18.7012 130 -30 15.0  -0 3.14159
17.8832 14.9349 130 -30 15.0  -0 3.14159
18.1343 11.1686 130 -30 15.0  -0 3.14159
18.3854 7.40231 130 -30 15.0  -0 3.14159
18.6365 3.63603 130 -30 15.0  -0 3.14159
18.8876 -0.130247 130 -30 15.0  -0 3.14159
19.1387 -3.89653 130 -30 15.0  -0 3.14159
19.3897 -7.66281 130 -30 15.0  -0 3.14159
19.6408 -11.4291 130 -30 15.0  -0 3.14159
19.8919 -15.1954 130 -30 15.0  -0 3.14159
20.143 -18.9617 130 -30 15.0  -0 3.14159
20.3941 -22.7279 130 -30 15.0  -0 3.14159
20.6452 -26.4942 130 -30 15.0  -0 3.14159
20.8963 -30.2605 130 -30 15.0  -0 3.19068
21.1564 -30.2605 130 -30 15.0  -0 3.19068
21.4165 -34.1556 129.809 -30 15.0  -0 3.28885
21.6765 -38.0133 129.236 -30 15.0  -0 3.38703
21.9366 -41.7963 128.289 -30 15.0  -0 3.4852
22.1967 -45.4681 126.975 -30 15.0  -0 3.58338
22.4568 -48.9936 125.308 -30 15.0  -0 3.68155
22.7169 -52.3386 123.303 -30 15.0  -0 3.77973
22.977 -55.471 120.98 -30 15.0  -0 3.8779
23.2371 -58.3606 118.361 -30 15.0  -0 3.97608
23.4972 -60.9795 115.471 -30 15.0  -0 4.07425
23.7573 -63.3027 112.339 -30 15.0  -0 4.17243
24.0174 -65.3076 108.994 -30 15.0  -0 4.2706
24.2775 -66.975 105.468 -30 15.0  -0 4.36878
24.5376 -68.2888 101.796 -30 15.0  -0 4.46695
24.7977 -69.2364 98.0133 -30 15.0  -0 4.56513
25.0578 -69.8086 94.1556 -30 15.0  -0 4.6633
25.3179 -70 90.2605 -30 15.0  -0 4.71239
25.4889 -70 90.2605 -30 15.0  -0 4.71239
25.6599 -70 87.6954 -30 15.0  -0 4.71239
25.8309 -70 85.1302 -30 15.0  -0 4.71239
26.0019 -70 82.5651 -30 15.0  -0 4.71239
26.1729 -70 80 -30 15.0  -0 4.71239
26.359 -70 80 -30 15.0  -0 4.71239
26.545 -70 77.209 -30 15.0  -0 4.71239
26.7311 -70 74.4181 -30 15.0  -0 4.71239
26.9172 -70 71.6271 -30 15.0  -0 4.71239
27.1032 -70 68.8362 -30 15.0  -0 4.71239
27.2893 -70 66.0452 -30 15.0  -0 4.71239
27.4754 -70 63.2543 -30 15.0  -0 4.71239
27.6614 -70 60.4633 -30 15.0  -0 4.71239
27.8475 -70 57.6724 -30 15.0  -0 4.75041
28.0489 -70 57.6724 -30 15.0  -0 4.75041
28.2504 -69.8852 54.6538 -30 15.0  -0 4.82644
28.4518 -69.5414 51.6526 -30 15.0  -0 4.90247
28.6532 -68.9707 48.6862 -30 15.0  -0 4.97851
28.8547 -68.1762 45.7717 -30 15.0  -0 5.05454
29.0561 -67.1627 42.926 -30 15.0  -0 5.13057
29.2575 -65.9359 40.1655 -30 15.0  -0 5.20661
29.459 -64.503 37.5062 -30 15.0  -0 5.28264
29.6604 -62.8723 34.9634 -30 15.0  -0 5.35867
29.8618 -61.0531 32.5518 -30 15.0  -0 5.43471
30.0633 -59.0559 30.2853 -30 15.0  -0 5.51074
30.2647 -56.8924 28.1771 -30 15.0  -0 5.58677
30.4661 -54.575 26.2394 -30 15.0  -0 5.66281
30.6676 -52.1171 24.4833 -30 15.0  -0 5.73884
30.869 -49.5329 22.9189 -30 15.0  -0 5.81488
31.0705 -46.8373 21.5554 -30 15.0  -0 5.89091
31.2719 -44.046 20.4006 -30 15.0  -0 5.92893
31.4593 -44.046 20.4006 -30 15.0  -0 5.92893
31.6467 -41.4095 19.4254 -30 15.0  -0 5.92893
31.8341 -38.773 18.4503 -30 15.0  -0 5.92893
32.0215 -36.1365 17.4751 -30 15.0  -0 5.92893
32.2089 -33.5 16.5 -30 15.0  -0 5.92893
32.4331 -33.5 16.5 -30 15.0  -0 5.92893
32.6574 -30.3453 15.3332 -30 15.0  -0 5.92893
32.8816 -27.1905 14.1664 -30 15.0  -0 5.92893
33.1059 -24.0358 12.9995 -30 15.0  -0 5.92893
33.3301 -20.8811 11.8327 -30 15.0  -0 5.96454
33.5188 -20.8811 11.8327 -30 15.0  -0 5.96454
33.7075 -18.1935 10.9461 -30 15.0  -0 6.03577
33.8962 -15.4497 10.2531 -30 15.0  -0 6.107
34.0849 -12.6635 9.75704 -30 15.0  -0 6.17823
34.2736 -9.84912 9.46055 -30 15.0  -0 6.24945
34.4623 -7.02074 9.36511 -30 15.0  -0 0.0374979
34.651 -4.19274 9.47121 -30 15.0  -0 0.108726
34.8398 -1.37946 9.7783 -30 15.0  -0 0.179955
35.0285 1.40483 10.2848 -30 15.0  -0 0.251184
35.2172 4.14601 10.9882 -30 15.0  -0 0.322412
35.4059 6.83019 11.8849 -30 15.0  -0 0.393641
35.5946 9.44374 12.9704 -30 15.0  -0 0.464869
35.7833 11.9734 14.2391 -30 15.0  -0 0.536098
35.972 14.4064 15.6846 -30 15.0  -0 0.607327
36.1607 16.7303 17.2996 -30 15.0  -0 0.678555
36.3494 18.9334 19.0759 -30 15.0  -0 0.749784
36.5381 21.0045 21.0045 -30 15.0  -0 0.785398
36.7855 21.0045 21.0045 -30 15.0  -0 0.785398
37.0329 23.6284 23.6284 -30 15.0  -0 0.785398
37.2802 26.2522 26.2522 -30 15.0  -0 0.785398
37.5276 28.8761 28.8761 -30 15.0  -0 0.785398
37.775 31.5 31.5 -30 15.0  -0 0.785398
37.9983 31.5 31.5 -30 15.0  -0 0.785398
38.2217 33.8688 33.8688 -30 15.0  -0 0.785398
38.445 36.2377 36.2377 -30 15.0  -0 0.785398
38.6684 38.6065 38.6065 -30 15.0  -0 0.785398
38.8917 40.9753 40.9753 -30 15.0  -0 0.748202
39.0888 40.9753 40.9753 -30 15.0  -0 0.748202
39.2859 43.1416 42.9861 -30 15.0  -0 0.673808
39.483 45.4513 44.8304 -30 15.0  -0 0.599415
39.68 47.8917 46.4978 -30 15.0  -0 0.525022
39.8771 50.4492 47.9793 -30 15.0  -0 0.450629
40.0742 53.1099 49.2666 -30 15.0  -0 0.376236
40.2713 55.8588 50.3526 -30 15.0  -0 0.301843
40.4684 58.6808 51.2312 -30 15.0  -0 0.22745
40.6655 61.5604 51.8977 -30 15.0  -0 0.153057
40.8626 64.4815 52.3483 -30 15.0  -0 0.0786635
41.0597 67.428 52.5806 -30 15.0  -0 0.00427038
41.2568 70.3836 52.5932 -30 15.0  -0 6.21306
41.4539 73.332 52.3861 -30 15.0  -0 6.13867
41.6509 76.2569 51.9605 -30 15.0  -0 6.06428
41.848 79.142 51.3186 -30 15.0  -0 5.98988
42.0451 81.9715 50.4641 -30 15.0  -0 5.91549
42.2422 84.7296 49.4016 -30 15.0  -0 5.87829
42.4284 84.7296 49.4016 -30 15.0  -0 5.87829
42.6147 87.2972 48.3012 -30 15.0  -0 5.87829
42.8009 89.8648 47.2008 -30 15.0  -0 5.87829
42.9871 92.4324 46.1004 -30 15.0  -0 5.87829
43.1734 95 45 -30 15.0  -0 5.87829
43.3713 95 45 -30 15.0  -0 5.87829
43.5692 97.7287 43.8306 -30 15.0  -0 5.87829
43.7671 100.457 42.6611 -30 15.0  -0 5.87829
43.965 103.186 41.4917 -30 15.0  -0 5.87829
44.1629 105.915 40.3223 -30 15.0  -0 5.84186
44.356 105.915 40.3223 -30 15.0  -0 5.84186
44.549 108.532 39.0857 -30 15.0  -0 5.76899
44.7421 111.053 37.6617 -30 15.0  -0 5.69612
44.9351 113.464 36.0581 -30 15.0  -0 5.62325
45.1282 115.751 34.2832 -30 15.0  -0 5.55038
45.3213 117.903 32.3464 -30 15.0  -0 5.47751
45.5143 119.908 30.2582 -30 15.0  -0 5.40464
45.7074 121.756 28.0295 -30 15.0  -0 5.33178
45.9004 123.437 25.6722 -30 15.0  -0 5.25891
46.0935 124.941 23.1987 -30 15.0  -0 5.18604
46.2865 126.262 20.6223 -30 15.0  -0 5.11317
46.4796 127.391 17.9566 -30 15.0  -0 5.0403
46.6726 128.324 15.2157 -30 15.0  -0 4.96743
46.8657 129.054 12.4142 -30 15.0  -0 4.89456
47.0587 129.579 9.567 -30 15.0  -0 4.82169
47.2518 129.895 6.68914 -30 15.0  -0 4.74882
47.4448 130 3.79592 -30 15.0  -0 4.71239
47.6431 130 3.79592 -30 15.0  -0 4.71239
47.8414 130 0.821433 -30 15.0  -0 4.71239
48.0397 130 -2.15306 -30 15.0  -0 4.71239
48.238 130 -5.12755 -30 15.0  -0 4.71239
48.4363 130 -8.10204 -30 15.0  -0 4.71239
48.6346 130 -11.0765 -30 15.0  -0 4.71239
48.8329 130 -14.051 -30 15.0  -0 4.71239
49.0312 130 -17.0255 -30 15.0  -0 4.71239
49.2295 130 -20 -30 15.0  -0 4.71239
49.509 130 -20 -30 15.0  -0 4.71239
49.7885 130 -24.1924 -30 15.0  -0 4.71239
50.068 130 -28.3848 -30 15.0  -0 4.71239
50.3475 130 -32.5773 -30 15.0  -0 4.71239
50.627 130 -36.7697 -30 15.0  -0 4.71239
50.9065 130 -40.9621 -30 15.0  -0 4.71239
51.186 130 -45.1545 -30 15.0  -0 4.71239
51.4655 130 -49.3469 -30 15.0  -0 4.71239
51.745 130 -53.5394 -30 15.0  -0 4.6633
52.0051 130 -53.5394 -30 15.0  -0 4.6633
52.2652 129.809 -57.4345 -30 15.0  -0 4.56513
52.5253 129.236 -61.2921 -30 15.0  -0 4.46695
52.7853 128.289 -65.0751 -30 15.0  -0 4.36878
53.0454 126.975 -68.747 -30 15.0  -0 4.2706
53.3055 125.308 -72.2724 -30 15.0  -0 4.17243
53.5656 123.303 -75.6174 -30 15.0  -0 4.07425
53.8257 120.98 -78.7498 -30 15.0  -0 3.97608
54.0858 118.361 -81.6394 -30 15.0  -0 3.92699
54.3119 118.361 -81.6394 -30 15.0  -0 3.92699
54.5379 115.963 -84.037 -30 15.0  -0 3.92699
54.7639 113.565 -86.4345 -30 15.0  -0 3.92699
54.99 111.168 -88.832 -30 15.0  -0 3.92699
55.216 108.77 -91.2296 -30 15.0  -0 3.92699
55.4421 106.373 -93.6271 -30 15.0  -0 3.92699
55.6681 103.975 -96.0246 -30 15.0  -0 3.92699
55.8942 101.578 -98.4222 -30 15.0  -0 3.92699
56.1202 99.1803 -100.82 -30 15.0  -0 3.92699
56.3462 96.7827 -103.217 -30 15.0  -0 3.92699
56.5723 94.3852 -105.615 -30 15.0  -0 3.92699
56.7983 91.9877 -108.012 -30 15.0  -0 3.92699
57.0244 89.5901 -110.41 -30 15.0  -0 3.92699
57.2504 87.1926 -112.807 -30 15.0  -0 3.92699
57.4764 84.7951 -115.205 -30 15.0  -0 3.92699
57.7025 82.3975 -117.602 -30 15.0  -0 3.92699
57.9285 80 -120 -30 15.0  -0 3.92699
58.1519 80 -120 -30 15.0  -0 3.92699
58.3752 77.6313 -122.369 -30 15.0  -0 3.92699
58.5985 75.2626 -124.737 -30 15.0  -0 3.92699
58.8218 72.8938 -127.106 -30 15.0  -0 3.92699
59.0452 70.5251 -129.475 -30 15.0  -0 3.92699
59.2685 68.1564 -131.844 -30 15.0  -0 3.92699
59.4918 65.7877 -134.212 -30 15.0  -0 3.92699
59.7151 63.419 -136.581 -30 15.0  -0 3.92699
59.9385 61.0502 -138.95 -30 15.0  -0 3.87479
60.2151 61.0502 -138.95 -30 15.0  -0 3.87479
60.4917 57.9688 -141.725 -30 15.0  -0 3.77038
60.7683 54.6149 -144.164 -30 15.0  -0 3.66598
61.0448 51.025 -146.241 -30 15.0  -0 3.56158
61.3214 47.2384 -147.932 -30 15.0  -0 3.45717
61.598 43.2961 -149.219 -30 15.0  -0 3.35277
61.8746 39.2411 -150.088 -30 15.0  -0 3.24836
62.1512 35.1177 -150.53 -30 15.0  -0 3.14396
62.4278 30.9706 -150.54 -30 15.0  -0 3.03956
62.7044 26.8451 -150.117 -30 15.0  -0 2.93515
62.981 22.786 -149.267 -30 15.0  -0 2.83075
63.2576 18.8377 -147.999 -30 15.0  -0 2.72634
63.5342 15.0431 -146.326 -30 15.0  -0 2.62194
63.8108 11.4434 -144.267 -30 15.0  -0 2.51754
64.0874 8.07801 -141.843 -30 15.0  -0 2.41313
64.364 4.98346 -139.083 -30 15.0  -0 2.30873
64.6406 2.19348 -136.014 -30 15.0  -0 2.25653
64.8669 2.19348 -136.014 -30 15.0  -0 2.25653
65.0931 0.0442932 -133.387 -30 15.0  -0 2.25653
65.3194 -2.10489 -130.761 -30 15.0  -0 2.25653
65.5457 -4.25408 -128.134 -30 15.0  -0 2.25653
65.7719 -6.40326 -125.507 -30 15.0  -0 2.25653
65.9982 -8.55245 -122.88 -30 15.0  -0 2.25653
66.2245 -10.7016 -120.254 -30 15.0  -0 2.25653
66.4507 -12.8508 -117.627 -30 15.0  -0 2.25653
66.677 -15 -115 -30 15.0  -0 2.25653
66.9695 -15 -115 -30 15.0  -0 2.25653
67.262 -17.7783 -111.604 -30 15.0  -0 2.25653
67.5545 -20.5566 -108.209 -30 15.0  -0 2.25653
67.847 -23.3349 -104.813 -30 15.0  -0 2.25653
68.1395 -26.1132 -101.417 -30 15.0  -0 2.25653
68.432 -28.8915 -98.0215 -30 15.0  -0 2.25653
68.7245 -31.6698 -94.6258 -30 15.0  -0 2.25653
69.017 -34.4481 -91.2301 -30 15.0  -0 2.25653
69.3095 -37.2264 -87.8344 -30 15.0  -0 2.21055
69.5531 -37.2264 -87.8344 -30 15.0  -0 2.21055
69.7966 -39.407 -84.9042 -30 15.0  -0 2.11861
70.0402 -41.3093 -81.7861 -30 15.0  -0 2.02666
70.2838 -42.9173 -78.5065 -30 15.0  -0 1.93472
70.5274 -44.2174 -75.0931 -30 15.0  -0 1.84277
70.771 -45.1986 -71.5748 -30 15.0  -0 1.75083
71.0146 -45.8527 -67.9813 -30 15.0  -0 1.65888
71.2582 -46.174 -64.3428 -30 15.0  -0 1.56693
71.5018 -46.1599 -60.6903 -30 15.0  -0 1.47499
71.7454 -45.8105 -57.0545 -30 15.0  -0 1.38304
71.989 -45.1287 -53.4661 -30 15.0  -0 1.2911
72.2326 -44.1204 -49.9554 -30 15.0  -0 1.19915
72.4762 -42.7939 -46.5522 -30 15.0  -0 1.10721
72.7197 -41.1606 -43.2851 -30 15.0  -0 1.01526
72.9633 -39.2343 -40.1818 -30 15.0  -0 0.923316
73.2069 -37.0311 -37.2685 -30 15.0  -0 0.831371
73.4505 -34.5698 -34.5698 -30 15.0  -0 0.785398
73.7399 -34.5698 -34.5698 -30 15.0  -0 0.785398
74.0294 -31.5 -31.5 -30 15.0  -0 0.785398
74.2732 -31.5 -31.5 -30 15.0  -0 0.785398
74.517 -28.9138 -28.9138 -30 15.0  -0 0.785398
74.7609 -26.3275 -26.3275 -30 15.0  -0 0.785398
75.0047 -23.7413 -23.7413 -30 15.0  -0 0.785398
75.2485 -21.155 -21.155 -30 15.0  -0 0.785398
75.4924 -18.5688 -18.5688 -30 15.0  -0 0.785398
75.7362 -15.9825 -15.9825 -30 15.0  -0 0.785398
75.98 -13.3963 -13.3963 -30 15.0  -0 0.785398
76.2239 -10.8101 -10.8101 -30 15.0  -0 0.819285
76.4034 -10.8101 -10.8101 -30 15.0  -0 0.819285
76.583 -8.97158 -8.84255 -30 15.0  -0 0.887059
76.7625 -7.27056 -6.75507 -30 15.0  -0 0.954832
76.9421 -5.71482 -4.55718 -30 15.0  -0 1.02261
77.1216 -4.3115 -2.25898 -30 15.0  -0 1.09038
77.3012 -3.06704 0.128986 -30 15.0  -0 1.15815
77.4807 -1.98715 2.59574 -30 15.0  -0 1.22593
77.6603 -1.07679 5.12997 -30 15.0  -0 1.2937
77.8398 -0.340143 7.72003 -30 15.0  -0 1.32759
78.0793 -0.340143 7.72003 -30 15.0  -0 1.32759
78.3188 0.524866 11.2063 -30 15.0  -0 1.32759
78.5582 1.38987 14.6925 -30 15.0  -0 1.32759
78.7977 2.25488 18.1788 -30 15.0  -0 1.32759
79.0372 3.11989 21.665 -30 15.0  -0 1.32759
79.2766 3.9849 25.1513 -30 15.0  -0 1.32759
79.5161 4.84991 28.6375 -30 15.0  -0 1.32759
79.7555 5.71492 32.1238 -30 15.0  -0 1.32759
79.995 6.57993 35.61 -30 15.0  -0 1.32759
80.2345 7.44494 39.0963 -30 15.0  -0 1.32759
80.4739 8.30995 42.5825 -30 15.0  -0 1.32759
80.7134 9.17496 46.0688 -30 15.0  -0 1.32759
80.9529 10.04 49.555 -30 15.0  -0 1.32759
81.1923 10.905 53.0413 -30 15.0  -0 1.32759
81.4318 11.77 56.5275 -30 15.0  -0 1.32759
81.6713 12.635 60.0138 -30 15.0  -0 1.32759
81.9107 13.5 63.5 -30 15.0  -0 1.32759
82.1199 13.5 63.5 -30 15.0  -0 1.32759
82.329 14.2555 66.5449 -30 15.0  -0 1.32759
82.5382 15.011 69.5899 -30 15.0  -0 1.32759
82.7473 15.7665 72.6348 -30 15.0  -0 1.32759
82.9565 16.522 75.6797 -30 15.0  -0 1.32759
83.1656 17.2776 78.7247 -30 15.0  -0 1.32759
83.3748 18.0331 81.7696 -30 15.0  -0 1.32759
83.5839 18.7886 84.8145 -30 15.0  -0 1.32759
83.7931 19.5441 87.8595 -30 15.0  -0 1.32759
84.0022 20.2996 90.9044 -30 15.0  -0 1.32759
84.2114 21.0551 93.9493 -30 15.0  -0 1.32759
84.4205 21.8106 96.9943 -30 15.0  -0 1.32759
84.6297 22.5661 100.039 -30 15.0  -0 1.32759
84.8388 23.3216 103.084 -30 15.0  -0 1.32759
85.048 24.0771 106.129 -30 15.0  -0 1.32759
85.2571 24.8327 109.174 -30 15.0  -0 1.32759
85.4663 25.5882 112.219 -30 15.0  -0 1.27359
85.7524 25.5882 112.219 -30 15.0  -0 1.27359
86.0385 26.8443 116.32 -30 15.0  -0 1.1656
86.3246 28.5352 120.263 -30 15.0  -0 1.05761
86.6107 30.6412 123.999 -30 15.0  -0 0.949614
86.8968 33.1377 127.488 -30 15.0  -0 0.841621
87.1829 35.9956 130.686 -30 15.0  -0 0.733629
87.469 39.1816 133.558 -30 15.0  -0 0.625636
87.7551 42.6586 136.07 -30 15.0  -0 0.517644
88.0412 46.3861 138.193 -30 15.0  -0 0.463648
88.236 46.3861 138.193 -30 15.0  -0 0.463648
88.4307 48.999 139.5 -30 15.0  -0 0.463648
88.6255 51.612 140.806 -30 15.0  -0 0.463648
88.8203 54.2249 142.112 -30 15.0  -0 0.463648
89.015 56.8378 143.419 -30 15.0  -0 0.463648
89.2098 59.4508 144.725 -30 15.0  -0 0.463648
89.4045 62.0637 146.032 -30 15.0  -0 0.463648
89.5993 64.6766 147.338 -30 15.0  -0 0.463648
89.794 67.2896 148.645 -30 15.0  -0 0.463648
89.9888 69.9025 149.951 -30 15.0  -0 0.463648
90.1836 72.5154 151.258 -30 15.0  -0 0.463648
90.3783 75.1284 152.564 -30 15.0  -0 0.463648
90.5731 77.7413 153.871 -30 15.0  -0 0.463648
90.7678 80.3542 155.177 -30 15.0  -0 0.463648
90.9626 82.9672 156.484 -30 15.0  -0 0.463648
91.1573 85.5801 157.79 -30 15.0  -0 0.463648
91.3521 88.193 159.097 -30 15.0  -0 0.463648
91.5468 90.806 160.403 -30 15.0  -0 0.463648
91.7416 93.4189 161.709 -30 15.0  -0 0.463648
91.9364 96.0319 163.016 -30 15.0  -0 0.463648
92.1311 98.6448 164.322 -30 15.0  -0 0.463648
92.3259 101.258 165.629 -30 15.0  -0 0.463648
92.5206 103.871 166.935 -30 15.0  -0 0.463648
92.7154 106.484 168.242 -30 15.0  -0 0.463648
92.9101 109.097 169.548 -30 15.0  -0 0.463648
93.1049 111.709 170.855 -30 15.0  -0 0.463648
93.2997 114.322 172.161 -30 15.0  -0 0.463648
93.4944 116.935 173.468 -30 15.0  -0 0.463648
93.6892 119.548 174.774 -30 15.0  -0 0.463648
93.8839 122.161 176.081 -30 15.0  -0 0.463648
94.0787 124.774 177.387 -30 15.0  -0 0.463648
94.2734 127.387 178.694 -30 15.0  -0 0.463648
94.4682 130 180 -30 15.0  -0 0.463648
94.6735 130 180 -30 15.0  -0 0.463648
94.8788 132.755 181.377 -30 15.0  -0 0.463648
95.0842 135.509 182.755 -30 15.0  -0 0.463648
95.2895 138.264 184.132 -30 15.0  -0 0.463648
95.4948 141.019 185.509 -30 15.0  -0 0.463648
95.7002 143.774 186.887 -30 15.0  -0 0.463648
95.9055 146.528 188.264 -30 15.0  -0 0.463648
96.1108 149.283 189.642 -30 15.0  -0 0.463648
96.3161 152.038 191.019 -30 15.0  -0 0.463648
96.5215 154.793 192.396 -30 15.0  -0 0.463648
96.7268 157.547 193.774 -30 15.0  -0 0.463648
96.9321 160.302 195.151 -30 15.0  -0 0.463648
97.1374 163.057 196.528 -30 15.0  -0 0.463648
97.3428 165.812 197.906 -30 15.0  -0 0.463648
97.5481 168.566 199.283 -30 15.0  -0 0.463648
97.7534 171.321 200.661 -30 15.0  -0 0.463648
97.9588 174.076 202.038 -30 15.0  -0 0.463648
98.1641 176.831 203.415 -30 15.0  -0 0.463648
98.3694 179.585 204.793 -30 15.0  -0 0.463648
98.5747 182.34 206.17 -30 15.0  -0 0.463648
98.7801 185.095 207.547 -30 15.0  -0 0.463648
98.9854 187.85 208.925 -30 15.0  -0 0.463648
99.1907 190.604 210.302 -30 15.0  -0 0.463648
99.396 193.359 211.68 -30 15.0  -0 0.463648
99.6014 196.114 213.057 -30 15.0  -0 0.463648
99.8067 198.869 214.434 -30 15.0  -0 0.463648
100.012 201.623 215.812 -30 15.0  -0 0.463648
100.217 204.378 217.189 -30 15.0  -0 0.463648
100.423 207.133 218.566 -30 15.0  -0 0.463648
100.628 209.888 219.944 -30 15.0  -0 0.463648
100.833 212.642 221.321 -30 15.0  -0 0.463648
101.039 215.397 222.699 -30 15.0  -0 0.463648
101.244 218.152 224.076 -30 15.0  -0 0.503866
101.457 218.152 224.076 -30 15.0  -0 0.503866
101.67 220.951 225.619 -30 15.0  -0 0.584304
101.883 223.616 227.382 -30 15.0  -0 0.664742
102.096 226.131 229.353 -30 15.0  -0 0.745179
102.31 228.48 231.52 -30 15.0  -0 0.825617
102.523 230.647 233.869 -30 15.0  -0 0.906055
102.736 232.618 236.384 -30 15.0  -0 0.986492
102.949 234.381 239.049 -30 15.0  -0 1.06693
103.162 235.924 241.848 -30 15.0  -0 1.10715
103.367 235.924 241.848 -30 15.0  -0 1.10715
103.573 237.301 244.603 -30 15.0  -0 1.10715
103.778 238.679 247.358 -30 15.0  -0 1.10715
103.983 240.056 250.112 -30 15.0  -0 1.10715
104.189 241.434 252.867 -30 15.0  -0 1.10715
104.394 242.811 255.622 -30 15.0  -0 1.10715
104.599 244.188 258.377 -30 15.0  -0 1.10715
104.805 245.566 261.131 -30 15.0  -0 1.10715
105.01 246.943 263.886 -30 15.0  -0 1.10715
105.215 248.32 266.641 -30 15.0  -0 1.10715
105.421 249.698 269.396 -30 15.0  -0 1.10715
105.626 251.075 272.15 -30 15.0  -0 1.10715
105.831 252.453 274.905 -30 15.0  -0 1.10715
106.036 253.83 277.66 -30 15.0  -0 1.10715
106.242 255.207 280.415 -30 15.0  -0 1.10715
106.447 256.585 283.169 -30 15.0  -0 1.10715
106.652 257.962 285.924 -30 15.0  -0 1.10715
106.858 259.339 288.679 -30 15.0  -0 1.10715
107.063 260.717 291.434 -30 15.0  -0 1.10715
107.268 262.094 294.188 -30 15.0  -0 1.10715
107.474 263.472 296.943 -30 15.0  -0 1.10715
107.679 264.849 299.698 -30 15.0  -0 1.10715
107.884 266.226 302.453 -30 15.0  -0 1.10715
108.09 267.604 305.207 -30 15.0  -0 1.10715
108.295 268.981 307.962 -30 15.0  -0 1.10715
108.5 270.358 310.717 -30 15.0  -0 1.10715
108.706 271.736 313.472 -30 15.0  -0 1.10715
108.911 273.113 316.226 -30 15.0  -0 1.10715
109.116 274.491 318.981 -30 15.0  -0 1.10715
109.322 275.868 321.736 -30 15.0  -0 1.10715
109.527 277.245 324.491 -30 15.0  -0 1.10715
109.732 278.623 327.245 -30 15.0  -0 1.10715
109.938 280 330 -30 15.0  -0 1.10715
110.143 280 330 -30 15.0  -0 1.10715
110.348 281.377 332.755 -30 15.0  -0 1.10715
110.554 282.755 335.509 -30 15.0  -0 1.10715
110.759 284.132 338.264 -30 15.0  -0 1.10715
110.964 285.509 341.019 -30 15.0  -0 1.10715
111.17 286.887 343.774 -30 15.0  -0 1.10715
111.375 288.264 346.528 -30 15.0  -0 1.10715
111.58 289.642 349.283 -30 15.0  -0 1.10715
111.786 291.019 352.038 -30 15.0  -0 1.10715
111.991 292.396 354.793 -30 15.0  -0 1.10715
112.196 293.774 357.547 -30 15.0  -0 1.10715
112.402 295.151 360.302 -30 15.0  -0 1.10715
112.607 296.528 363.057 -30 15.0  -0 1.10715
112.812 297.906 365.812 -30 15.0  -0 1.10715
113.018 299.283 368.566 -30 15.0  -0 1.10715
113.223 300.661 371.321 -30 15.0  -0 1.10715
113.428 302.038 374.076 -30 15.0  -0 1.10715
113.634 303.415 376.831 -30 15.0  -0 1.10715
113.839 304.793 379.585 -30 15.0  -0 1.10715
114.044 306.17 382.34 -30 15.0  -0 1.10715
114.25 307.547 385.095 -30 15.0  -0 1.10715
114.455 308.925 387.85 -30 15.0  -0 1.10715
114.66 310.302 390.604 -30 15.0  -0 1.10715
114.866 311.68 393.359 -30 15.0  -0 1.10715
115.071 313.057 396.114 -30 15.0  -0 1.10715
115.276 314.434 398.869 -30 15.0  -0 1.10715
115.482 315.812 401.623 -30 15.0  -0 1.10715
115.687 317.189 404.378 -30 15.0  -0 1.10715
115.892 318.566 407.133 -30 15.0  -0 1.10715
116.098 319.944 409.888 -30 15.0  -0 1.10715
116.303 321.321 412.642 -30 15.0  -0 1.10715
116.508 322.699 415.397 -30 15.0  -0 1.10715
116.713 324.076 418.152 -30 15.0  -0 1.06693
116.927 324.076 418.152 -30 15.0  -0 1.06693
117.14 325.619 420.951 -30 15.0  -0 0.986492
117.353 327.382 423.616 -30 15.0  -0 0.906055
117.566 329.353 426.131 -30 15.0  -0 0.825617
117.779 331.52 428.48 -30 15.0  -0 0.745179
117.992 333.869 430.647 -30 15.0  -0 0.664742
118.205 336.384 432.618 -30 15.0  -0 0.584304
118.418 339.049 434.381 -30 15.0  -0 0.503866
118.631 341.848 435.924 -30 15.0  -0 0.463648
118.837 341.848 435.924 -30 15.0  -0 0.463648
119.042 344.603 437.301 -30 15.0  -0 0.463648
119.247 347.358 438.679 -30 15.0  -0 0.463648
119.453 350.112 440.056 -30 15.0  -0 0.463648
119.658 352.867 441.434 -30 15.0  -0 0.463648
119.863 355.622 442.811 -30 15.0  -0 0.463648
120.069 358.377 444.188 -30 15.0  -0 0.463648
120.274 361.131 445.566 -30 15.0  -0 0.463648
120.479 363.886 446.943 -30 15.0  -0 0.463648
120.685 366.641 448.32 -30 15.0  -0 0.463648
120.89 369.396 449.698 -30 15.0  -0 0.463648
121.095 372.15 451.075 -30 15.0  -0 0.463648
121.301 374.905 452.453 -30 15.0  -0 0.463648
121.506 377.66 453.83 -30 15.0  -0 0.463648
121.711 380.415 455.207 -30 15.0  -0 0.463648
121.917 383.169 456.585 -30 15.0  -0 0.463648
122.122 385.924 457.962 -30 15.0  -0 0.463648
122.327 388.679 459.339 -30 15.0  -0 0.463648
122.533 391.434 460.717 -30 15.0  -0 0.463648
122.738 394.188 462.094 -30 15.0  -0 0.463648
122.943 396.943 463.472 -30 15.0  -0 0.463648
123.149 399.698 464.849 -30 15.0  -0 0.463648
123.354 402.453 466.226 -30 15.0  -0 0.463648
123.559 405.207 467.604 -30 15.0  -0 0.463648
123.765 407.962 468.981 -30 15.0  -0 0.463648
123.97 410.717 470.358 -30 15.0  -0 0.463648
124.175 413.472 471.736 -30 15.0  -0 0.463648
124.381 416.226 473.113 -30 15.0  -0 0.463648
124.586 418.981 474.491 -30 15.0  -0 0.463648
124.791 421.736 475.868 -30 15.0  -0 0.463648
124.997 424.491 477.245 -30 15.0  -0 0.463648
125.202 427.245 478.623 -30 15.0  -0 0.463648
125.407 430 480 -30 15.0  -0 0.463648
125.613 430 480 -30 15.0  -0 0.463648
125.818 432.755 481.377 -30 15.0  -0 0.463648
126.023 435.509 482.755 -30 15.0  -0 0.463648
126.229 438.264 484.132 -30 15.0  -0 0.463648
126.434 441.019 485.509 -30 15.0  -0 0.463648
126.639 443.774 486.887 -30 15.0  -0 0.463648
126.844 446.528 488.264 -30 15.0  -0 0.463648
127.05 449.283 489.642 -30 15.0  -0 0.463648
127.255 452.038 491.019 -30 15.0  -0 0.463648
127.46 454.793 492.396 -30 15.0  -0 0.463648
127.666 457.547 493.774 -30 15.0  -0 0.463648
127.871 460.302 495.151 -30 15.0  -0 0.463648
128.076 463.057 496.528 -30 15.0  -0 0.463648
128.282 465.812 497.906 -30 15.0  -0 0.463648
128.487 468.566 499.283 -30 15.0  -0 0.463648
128.692 471.321 500.661 -30 15.0  -0 0.463648
128.898 474.076 502.038 -30 15.0  -0 0.463648
129.103 476.831 503.415 -30 15.0  -0 0.463648
129.308 479.585 504.793 -30 15.0  -0 0.463648
129.514 482.34 506.17 -30 15.0  -0 0.463648
129.719 485.095 507.547 -30 15.0  -0 0.463648
129.924 487.85 508.925 -30 15.0  -0 0.463648
130.13 490.604 510.302 -30 15.0  -0 0.463648
130.335 493.359 511.68 -30 15.0  -0 0.463648
130.54 496.114 513.057 -30 15.0  -0 0.463648
130.746 498.869 514.434 -30 15.0  -0 0.463648
130.951 501.623 515.812 -30 15.0  -0 0.463648
131.156 504.378 517.189 -30 15.0  -0 0.463648
131.362 507.133 518.566 -30 15.0  -0 0.463648
131.567 509.888 519.944 -30 15.0  -0 0.463648
131.772 512.642 521.321 -30 15.0  -0 0.463648
131.978 515.397 522.699 -30 15.0  -0 0.463648
132.183 518.152 524.076 -30 15.0  -0 0.503866
132.396 518.152 524.076 -30 15.0  -0 0.503866
132.609 520.951 525.619 -30 15.0  -0 0.584304
132.822 523.616 527.382 -30 15.0  -0 0.664742
133.035 526.131 529.353 -30 15.0  -0 0.745179
133.249 528.48 531.52 -30 15.0  -0 0.825617
133.462 530.647 533.869 -30 15.0  -0 0.906055
133.675 532.618 536.384 -30 15.0  -0 0.986492
133.888 534.381 539.049 -30 15.0  -0 1.06693
134.101 535.924 541.848 -30 15.0  -0 1.10715
134.306 535.924 541.848 -30 15.0  -0 1.10715
134.512 537.301 544.603 -30 15.0  -0 1.10715
134.717 538.679 547.358 -30 15.0  -0 1.10715
134.922 540.056 550.112 -30 15.0  -0 1.10715
135.128 541.434 552.867 -30 15.0  -0 1.10715
135.333 542.811 555.622 -30 15.0  -0 1.10715
135.538 544.188 558.377 -30 15.0  -0 1.10715
135.744 545.566 561.131 -30 15.0  -0 1.10715
135.949 546.943 563.886 -30 15.0  -0 1.10715
136.154 548.32 566.641 -30 15.0  -0 1.10715
136.36 549.698 569.396 -30 15.0  -0 1.10715
136.565 551.075 572.15 -30 15.0  -0 1.10715
136.77 552.453 574.905 -30 15.0  -0 1.10715
136.975 553.83 577.66 -30 15.0  -0 1.10715
137.181 555.207 580.415 -30 15.0  -0 1.10715
137.386 556.585 583.169 -30 15.0  -0 1.10715
137.591 557.962 585.924 -30 15.0  -0 1.10715
137.797 559.339 588.679 -30 15.0  -0 1.10715
138.002 560.717 591.434 -30 15.0  -0 1.10715
138.207 562.094 594.188 -30 15.0  -0 1.10715
138.413 563.472 596.943 -30 15.0  -0 1.10715
138.618 564.849 599.698 -30 15.0  -0 1.10715
138.823 566.226 602.453 -30 15.0  -0 1.10715
139.029 567.604 605.207 -30 15.0  -0 1.10715
139.234 568.981 607.962 -30 15.0  -0 1.10715
139.439 570.358 610.717 -30 15.0  -0 1.10715
139.645 571.736 613.472 -30 15.0  -0 1.10715
139.85 573.113 616.226 -30 15.0  -0 1.10715
140.055 574.491 618.981 -30 15.0  -0 1.10715
140.261 575.868 621.736 -30 15.0  -0 1.10715
140.466 577.245 624.491 -30 15.0  -0 1.10715
140.671 578.623 627.245 -30 15.0  -0 1.10715
140.877 580 630 -30 15.0  -0 1.10715
141.058 580 630 -30 15.0  -0 1.10715
141.24 581.219 632.439 -30 15.0  -0 1.10715
141.422 582.439 634.877 -30 15.0  -0 1.10715
141.604 583.658 637.316 -30 15.0  -0 1.10715
141.785 584.877 639.754 -30 15.0  -0 1.10715
141.967 586.096 642.193 -30 15.0  -0 1.10715
142.149 587.316 644.631 -30 15.0  -0 1.10715
142.331 588.535 647.07 -30 15.0  -0 1.10715
142.513 589.754 649.508 -30 15.0  -0 1.10715
142.694 590.973 651.947 -30 15.0  -0 1.10715
142.876 592.193 654.385 -30 15.0  -0 1.10715
143.058 593.412 656.824 -30 15.0  -0 1.10715
143.24 594.631 659.262 -30 15.0  -0 1.10715
143.421 595.85 661.701 -30 15.0  -0 1.10715
143.603 597.07 664.139 -30 15.0  -0 1.10715
143.785 598.289 666.578 -30 15.0  -0 1.10715
143.967 599.508 669.016 -30 15.0  -0 1.10715
144.148 600.727 671.455 -30 15.0  -0 1.10715
144.33 601.947 673.893 -30 15.0  -0 1.10715
144.512 603.166 676.332 -30 15.0  -0 1.10715
144.694 604.385 678.77 -30 15.0  -0 1.10715
144.875 605.604 681.209 -30 15.0  -0 1.10715
145.057 606.824 683.647 -30 15.0  -0 1.10715
145.239 608.043 686.086 -30 15.0  -0 1.10715
145.421 609.262 688.524 -30 15.0  -0 1.10715
145.602 610.481 690.963 -30 15.0  -0 1.10715
145.784 611.701 693.401 -30 15.0  -0 1.10715
145.966 612.92 695.84 -30 15.0  -0 1.10715
146.148 614.139 698.278 -30 15.0  -0 1.10715
146.329 615.358 700.717 -30 15.0  -0 1.10715
146.511 616.578 703.156 -30 15.0  -0 1.10715
146.693 617.797 705.594 -30 15.0  -0 1.10715
146.875 619.016 708.033 -30 15.0  -0 1.07255
147.058 619.016 708.033 -30 15.0  -0 1.07255
147.241 620.33 710.448 -30 15.0  -0 1.00335
147.425 621.808 712.766 -30 15.0  -0 0.934157
147.608 623.442 714.977 -30 15.0  -0 0.86496
147.791 625.226 717.069 -30 15.0  -0 0.795763
147.975 627.149 719.033 -30 15.0  -0 0.726566
148.158 629.204 720.86 -30 15.0  -0 0.65737
148.341 631.381 722.54 -30 15.0  -0 0.588173
148.525 633.668 724.065 -30 15.0  -0 0.518976
148.708 636.055 725.429 -30 15.0  -0 0.449779
148.891 638.531 726.624 -30 15.0  -0 0.380582
149.075 641.084 727.645 -30 15.0  -0 0.311386
149.258 643.701 728.487 -30 15.0  -0 0.242189
149.441 646.37 729.147 -30 15.0  -0 0.172992
149.625 649.078 729.62 -30 15.0  -0 0.103795
149.808 651.813 729.905 -30 15.0  -0 0.0345984
149.991 654.56 730 -30 15.0  -0 0
150.203 654.56 730 -30 15.0  -0 0
150.415 657.74 730 -30 15.0  -0 0
150.627 660.92 730 -30 15.0  -0 0
150.839 664.1 730 -30 15.0  -0 0
151.051 667.28 730 -30 15.0  -0 0
151.263 670.46 730 -30 15.0  -0 0
151.475 673.64 730 -30 15.0  -0 0
151.687 676.82 730 -30 15.0  -0 0
151.899 680 730 -30 15.0  -0 0
152.179 680 730 -30 15.0  -0 0
152.458 684.192 730 -30 15.0  -0 0
152.738 688.385 730 -30 15.0  -0 0
153.017 692.577 730 -30 15.0  -0 0
153.297 696.77 730 -30 15.0  -0 0
153.576 700.962 730 -30 15.0  -0 0
153.856 705.155 730 -30 15.0  -0 0
154.135 709.347 730 -30 15.0  -0 0
154.415 713.539 730 -30 15.0  -0 0.0490874
154.675 713.539 730 -30 15.0  -0 0.0490874
154.935 717.435 730.191 -30 15.0  -0 0.147262
155.195 721.292 730.764 -30 15.0  -0 0.245437
155.455 725.075 731.711 -30 15.0  -0 0.343612
155.715 728.747 733.025 -30 15.0  -0 0.441786
155.975 732.272 734.692 -30 15.0  -0 0.539961
156.235 735.617 736.697 -30 15.0  -0 0.638136
156.495 738.75 739.02 -30 15.0  -0 0.736311
156.755 741.639 741.639 -30 15.0  -0 0.785398
157.031 741.639 741.639 -30 15.0  -0 0.785398
157.306 744.56 744.56 -30 15.0  -0 0.785398
157.581 747.48 747.48 -30 15.0  -0 0.785398
157.857 750.4 750.4 -30 15.0  -0 0.785398
158.132 753.32 753.32 -30 15.0  -0 0.785398
158.407 756.24 756.24 -30 15.0  -0 0.785398
158.683 759.16 759.16 -30 15.0  -0 0.785398
158.958 762.08 762.08 -30 15.0  -0 0.785398
159.233 765 765 -30 15.0  -0 0.785398
159.509 765 765 -30 15.0  -0 0.785398
159.784 767.92 767.92 -30 15.0  -0 0.785398
160.059 770.84 770.84 -30 15.0  -0 0.785398
160.334 773.76 773.76 -30 15.0  -0 0.785398
160.61 776.68 776.68 -30 15.0  -0 0.785398
160.885 779.6 779.6 -30 15.0  -0 0.785398
161.16 782.52 782.52 -30 15.0  -0 0.785398
161.436 785.44 785.44 -30 15.0  -0 0.785398
161.711 788.361 788.361 -30 15.0  -0 0.834486
161.971 788.361 788.361 -30 15.0  -0 0.834486
162.231 790.98 791.25 -30 15.0  -0 0.93266
162.491 793.303 794.383 -30 15.0  -0 1.03084
162.751 795.308 797.728 -30 15.0  -0 1.12901
163.011 796.975 801.253 -30 15.0  -0 1.22718
163.272 798.289 804.925 -30 15.0  -0 1.32536
163.532 799.236 808.708 -30 15.0  -0 1.42353
163.792 799.809 812.565 -30 15.0  -0 1.52171
164.052 800 816.461 -30 15.0  -0 1.5708
164.336 800 816.461 -30 15.0  -0 1.5708
164.621 800 820.73 -30 15.0  -0 1.5708
