time x y z V_A gamma chi
0 37.5 0 0 15 -0 0
3.64583 65.625 0 0 15 -0 0
6.10169 85.1563 0 -0.9375 15 0.0920468 0
8.08156 102.93 0 -2.57813 15 0.0920468 0
10.0614 120.703 0 -4.21875 15 0.0920468 0
12.0413 138.477 0 -5.85938 15 0.0920468 0
14.0212 156.25 0 -7.5 15 0.0920468 0
16.001 174.023 0 -9.14063 15 0.0920468 0
17.9809 191.797 0 -10.7813 15 0.0920468 0
19.9607 209.57 0 -12.4219 15 0.0920468 0
21.9406 227.344 0 -14.0625 15 0.0920468 0
23.9205 242.578 0 -15.4688 15 0.0920468 0
25.9003 260.352 0 -17.1094 15 0.0920468 0
27.8802 278.125 0 -18.75 15 0.0920468 0
29.8601 295.898 0 -20.3906 15 0.0920468 0
31.8399 313.672 0 -22.0313 15 0.0920468 0
33.8198 331.445 0 -23.6719 15 0.0920468 0
35.7997 349.219 0 -25.3125 15 0.0920468 0
37.7795 366.992 0 -26.9531 15 0.0920468 0
39.7594 384.766 0 -28.5938 15 0.0920468 0
41.8037 400 0 -30 15 -0 0
44.2342 421.875 0 -30 15 -0 0
46.5234 436.254 0 -30 15 -0.000356976 0.0204818
49.1761 459.932 3.41445 -29.752 15 -0.0232357 0.304596
51.9469 480.606 10.2969 -29.2404 15 -0.0235204 0.324541
54.7374 504.91 18.4737 -28.6371 15 -0.0235204 0.324541
57.528 529.214 26.6505 -28.0339 15 -0.0235204 0.324541
60.3185 553.518 34.8273 -27.4306 15 -0.0235204 0.324541
63.1676 574.35 41.8359 -26.9136 15 -0.0235204 0.324541
66.3681 602.224 51.2139 -26.2217 15 -0.0235204 0.324541
68.5148 618.773 53.5078 -25.8 15 -0.0281632 6.05734
70.4859 634.822 44.3435 -25.2516 15 -0.0276711 5.4126
72.457 644.641 24.5334 -24.7495 15 -0.0142901 4.89571
74.4281 644.407 -2.42239 -24.5611 15 0.00149114 4.47692
76.3962 634.595 -27.6213 -24.6893 15 0.00671232 4.1898
77.8985 624.928 -44.3271 -24.8188 15 0.00669744 4.1509
79.0961 612.259 -61.3937 -24.9711 15 0.00814511 3.97448
80.2936 595.975 -76.8395 -25.1791 15 0.010803 3.80475
81.4912 576.522 -89.9106 -25.4604 15 0.0134747 3.63984
82.6888 554.499 -99.969 -25.8098 15 0.0154873 3.47827
83.8863 530.629 -106.524 -26.2068 15 0.0165385 3.31884
85.0839 505.726 -109.255 -26.6243 15 0.0166162 3.16049
86.2814 480.657 -108.029 -27.0359 15 0.0159705 3.00225
87.479 456.293 -102.907 -27.4246 15 0.0151296 2.84317
88.6765 433.473 -94.1369 -27.7907 15 0.0149252 2.69381
89.8409 418.298 -86.8479 -28.042 15 0.0149252 2.69381
91.0174 396.899 -76.5695 -28.3963 15 0.0149252 2.69381
92.1939 375.5 -66.291 -28.7507 15 0.0149252 2.69381
93.3703 354.1 -56.0125 -29.105 15 0.0149252 2.69381
94.5468 332.701 -45.7341 -29.4594 15 0.0148951 2.68351
96.1245 309.177 -32.5869 -29.8195 15 0.00973674 2.5588
97.7022 284.828 -14.2417 -29.9936 15 0.00103654 2.41028
99.0573 270 0 -30 15 -0 2.35619
100.484 250.214 15.281 -29.9243 15 -0.00902114 2.62896
101.362 234.15 22.7725 -29.69 15 -0.0186515 2.80525
102.24 216.608 27.4666 -29.286 15 -0.0262906 2.979
103.118 198.3 29.091 -28.7688 15 -0.0295034 3.15158
104.08 181.05 28.7389 -28.259 15 -0.029544 3.16388
105.055 160.588 28.2826 -27.6541 15 -0.029544 3.16388
106.031 140.126 27.8264 -27.0493 15 -0.029544 3.16388
107.006 119.663 27.3702 -26.4444 15 -0.029544 3.16388
108 102.124 26.9791 -25.9259 15 -0.029544 3.16388
109 83.7231 26.4299 -25.3829 15 -0.0285668 3.23106
109.864 65.9996 23.3862 -24.9371 15 -0.0177307 3.41991
111.098 45.1234 14.8856 -24.7601 15 0.0072721 3.68047
112.825 20.3269 -6.24378 -25.5408 15 0.0449053 4.08409
114.552 8.10444 -31.7645 -27.1249 15 0.0663324 4.53539
116.279 8.95979 -54.7625 -28.7398 15 0.072893 5.08493
118.292 17.85 -71.7188 -30.1852 15 0.0758894 5.22288
120.636 28.7463 -91.1764 -31.8808 15 0.0758894 5.22288
123.169 41.4256 -110.849 -33.6847 15 0.076834 5.43337
125.778 61.063 -127.38 -35.516 15 0.0576496 5.7989
128.386 83.6746 -134.762 -36.5139 15 0.0172024 6.20117
130.995 106.929 -132.547 -36.472 15 -0.0244369 0.327544
133.604 128.455 -120.869 -35.6349 15 -0.0391658 0.683554
136.72 148.869 -104.241 -34.6032 15 -0.0391658 0.683554
139.175 165.239 -90.9066 -33.7758 15 -0.0391658 0.683554
141.366 181.978 -77.2719 -32.9298 15 -0.0391658 0.683554
143.556 198.717 -63.6372 -32.0839 15 -0.0391658 0.683554
145.747 215.456 -50.0025 -31.2379 15 -0.0391658 0.683554
147.937 232.194 -36.3678 -30.3919 15 -0.0385336 0.690039
149.708 243.536 -26.3746 -30.0108 15 -0.00366183 0.766706
152.201 258.598 -11.4024 -30 15 -0 0.785398
154.753 274.605 4.6047 -30 15 -0 0.785398
157.086 288.419 18.4188 -30 15 0.000242401 0.775325
159.934 309.801 36.9544 -30.201 15 0.0164534 0.630245
163.312 332.558 53.2395 -30.6682 15 0.0167344 0.61962
166.778 359.94 72.7724 -31.2312 15 0.0167344 0.61962
170.244 387.323 92.3053 -31.7941 15 0.0167344 0.61962
173.71 414.705 111.838 -32.357 15 0.0167344 0.61962
177.006 438.176 128.581 -32.8395 15 0.0167344 0.61962
179.281 456.151 141.403 -33.209 15 0.0167344 0.61962
181.556 474.125 154.224 -33.5785 15 0.0167344 0.61962
183.832 492.1 167.046 -33.9481 15 0.0167344 0.61962
186.107 510.074 179.868 -34.3176 15 0.0167344 0.61962
188.692 526.354 193.518 -34.6606 15 0.0110876 1.07074
190.192 531.715 213.551 -34.7743 15 -0.00260338 1.61294
191.692 526.557 235.52 -34.5967 15 -0.0136966 2.02645
193.192 511.306 256.927 -34.146 15 -0.0203615 2.39224
194.664 491.122 271.473 -33.6171 15 -0.0214664 2.66142
195.766 474.114 280.331 -33.2054 15 -0.0214664 2.66142
197.02 455.619 289.656 -32.7616 15 -0.0212138 2.73693
198.583 425.097 299.585 -32.0921 15 -0.0200058 2.94568
200.146 392.622 303.077 -31.4778 15 -0.0166815 3.15237
201.709 360.11 299.842 -31.0006 15 -0.0116261 3.35917
203.273 329.479 290.149 -30.6882 15 -0.00782704 3.56826
204.168 316.007 283.578 -30.5722 15 -0.0076916 3.61365
205.189 297.744 274.253 -30.4145 15 -0.0076916 3.61365
206.209 279.482 264.929 -30.2568 15 -0.00767563 3.62323
207.671 258.015 252.365 -30.0857 15 -0.00500617 3.73907
209.133 235.68 235.178 -30.003 15 -0.000530448 3.87689
210.227 224.03 224.03 -30 15 -0 3.95295
211.769 210.334 205.201 -30 15 -0 4.27874
213.311 204.265 182.506 -30 15 -0 4.70877
214.852 206.259 165.399 -30 15 -0 4.88308
216.392 209.6 146.016 -30 15 -0 4.88308
217.933 212.941 126.634 -30 15 -0 4.88308
219.474 216.281 107.251 -30 15 -0 4.88308
221.014 219.622 87.8685 -30 15 -0 4.88308
222.9 221.969 70.8193 -29.996 15 -0.00235409 4.68795
224.824 214.984 42.6673 -29.7262 15 -0.0184393 4.21204
226.197 199.015 21.2434 -29.1072 15 -0.0280519 3.89653
227.159 184.522 9.80499 -28.5582 15 -0.0313119 3.69724
228.121 167.344 1.04296 -27.9428 15 -0.0321519 3.50341
229.083 148.272 -4.4339 -27.3095 15 -0.0312163 3.31289
230.045 128.231 -6.24507 -26.6942 15 -0.029615 3.12387
231.006 108.212 -4.26472 -26.1059 15 -0.0290013 2.94829
232.034 93.2114 -1.32825 -25.6625 15 -0.0290013 2.94829
232.914 78.0084 2.51034 -25.2081 15 -0.0285309 2.80043
234.628 50.3909 17.7124 -24.3784 15 -0.0218145 2.42765
236.341 30.983 41.4066 -23.8611 15 -0.00874548 2.01069
238.055 24.6147 66.4945 -23.8097 15 0.00812364 1.52916
239.768 30.2422 86.2839 -24.1208 15 0.0232936 0.91919
242.35 45.7121 101.83 -24.6633 15 0.024942 0.763511
245.28 67.0408 122.245 -25.3998 15 0.024942 0.763511
248.192 85.2592 139.683 -26.029 15 0.024942 0.763511
251.061 106.144 159.674 -26.7502 15 0.024942 0.763511
253.929 127.029 179.664 -27.4714 15 0.024942 0.763511
256.798 147.914 199.654 -28.1926 15 0.024942 0.763511
259.666 168.799 219.644 -28.9139 15 0.024942 0.763511
262.224 185.563 233.898 -29.4707 15 0.0255094 0.439541
264.547 206.082 236.812 -29.9127 15 0.0109741 6.01637
266.905 222.378 227.622 -30 15 -0 5.49779
268.666 231.534 216.205 -30.0138 15 0.00453929 5.16339
271.019 237.211 187.435 -30.3526 15 0.0186429 4.61655
272.364 232.343 165.24 -30.8129 15 0.0212064 4.33774
274.049 222.672 144.443 -31.2933 15 0.0208463 4.26067
276.117 207.683 113.549 -32.0092 15 0.0208463 4.26067
278.184 192.694 82.6551 -32.7251 15 0.0208463 4.26067
280.251 177.705 51.7611 -33.4411 15 0.0208463 4.26067
282.319 162.716 20.8672 -34.157 15 0.0208463 4.26067
284 152.2 -0.807268 -34.6593 15 0.0208463 4.26067
285.617 140.475 -24.9727 -35.2193 15 0.0208463 4.26067
287.234 128.751 -49.1381 -35.7793 15 0.0208463 4.26067
288.851 117.026 -73.3036 -36.3393 15 0.0208463 4.26067
290.496 106.977 -94.0168 -36.8193 15 0.0206516 4.24381
292.308 90.1004 -120.417 -37.3629 15 0.0107319 4.01627
294.119 66.1498 -144.123 -37.4786 15 -0.00679667 3.80037
295.025 49.6604 -155.733 -37.2602 15 -0.0167167 3.68808
295.931 33.81 -164.432 -36.8902 15 -0.0251748 3.58483
296.836 16.8457 -171.59 -36.3688 15 -0.0320687 3.48275
297.742 -1.0061 -177.066 -35.7288 15 -0.0366151 3.38153
298.648 -19.5014 -180.752 -35.021 15 -0.0380455 3.28804
299.486 -34.3504 -182.942 -34.4497 15 -0.0380455 3.28804
300.393 -50.3375 -185.3 -33.8346 15 -0.0380455 3.28804
301.328 -69.6531 -188.149 -33.0914 15 -0.0380455 3.28804
302.263 -88.9687 -190.998 -32.3482 15 -0.0380455 3.28804
303.197 -108.284 -193.847 -31.605 15 -0.0380455 3.28804
304.132 -127.6 -196.696 -30.8619 15 -0.0378942 3.28345
305.077 -144.424 -198.707 -30.2905 15 -0.0243589 3.22849
306.022 -164.198 -199.883 -30.0104 15 -0.00254736 3.16446
