time x y z V_A gamma chi
0 37.5 0 0 15 -0 0
0.520833 37.5 0 0 15 -0 0
1.04167 42.1875 0 0 15 -0 0
1.5625 46.875 0 0 15 -0 0
2.08333 51.5625 0 0 15 -0 0
2.60417 56.25 0 0 15 -0 0
3.125 60.9375 0 0 15 -0 0
3.64583 65.625 0 0 15 -0 0
4.16667 70.3125 0 0 15 -0 0
4.6875 75 0 0 15 0.0920468 0
4.97034 75 0 0 15 0.0920468 0
5.25318 77.5391 0 -0.234375 15 0.0920468 0
5.53601 80.0781 0 -0.46875 15 0.0920468 0
5.81885 82.6172 0 -0.703125 15 0.0920468 0
6.10169 85.1563 0 -0.9375 15 0.0920468 0
6.38453 87.6953 0 -1.17188 15 0.0920468 0
6.66737 90.2344 0 -1.40625 15 0.0920468 0
6.9502 92.7734 0 -1.64063 15 0.0920468 0
7.23304 95.3125 0 -1.875 15 0.0920468 0
7.51588 97.8516 0 -2.10938 15 0.0920468 0
7.79872 100.391 0 -2.34375 15 0.0920468 0
8.08156 102.93 0 -2.57813 15 0.0920468 0
8.36439 105.469 0 -2.8125 15 0.0920468 0
8.64723 108.008 0 -3.04688 15 0.0920468 0
8.93007 110.547 0 -3.28125 15 0.0920468 0
9.21291 113.086 0 -3.51563 15 0.0920468 0
9.49574 115.625 0 -3.75 15 0.0920468 0
9.77858 118.164 0 -3.98437 15 0.0920468 0
10.0614 120.703 0 -4.21875 15 0.0920468 0
10.3443 123.242 0 -4.45313 15 0.0920468 0
10.6271 125.781 0 -4.6875 15 0.0920468 0
10.9099 128.32 0 -4.92188 15 0.0920468 0
11.1928 130.859 0 -5.15625 15 0.0920468 0
11.4756 133.398 0 -5.39063 15 0.0920468 0
11.7584 135.938 0 -5.625 15 0.0920468 0
12.0413 138.477 0 -5.85938 15 0.0920468 0
12.3241 141.016 0 -6.09375 15 0.0920468 0
12.607 143.555 0 -6.32813 15 0.0920468 0
12.8898 146.094 0 -6.5625 15 0.0920468 0
13.1726 148.633 0 -6.79688 15 0.0920468 0
13.4555 151.172 0 -7.03125 15 0.0920468 0
13.7383 153.711 0 -7.26563 15 0.0920468 0
14.0212 156.25 0 -7.5 15 0.0920468 0
14.304 158.789 0 -7.73438 15 0.0920468 0
14.5868 161.328 0 -7.96875 15 0.0920468 0
14.8697 163.867 0 -8.20312 15 0.0920468 0
15.1525 166.406 0 -8.4375 15 0.0920468 0
15.4353 168.945 0 -8.67188 15 0.0920468 0
15.7182 171.484 0 -8.90625 15 0.0920468 0
16.001 174.023 0 -9.14063 15 0.0920468 0
16.2839 176.563 0 -9.375 15 0.0920468 0
16.5667 179.102 0 -9.60938 15 0.0920468 0
16.8495 181.641 0 -9.84375 15 0.0920468 0
17.1324 184.18 0 -10.0781 15 0.0920468 0
17.4152 186.719 0 -10.3125 15 0.0920468 0
17.698 189.258 0 -10.5469 15 0.0920468 0
17.9809 191.797 0 -10.7813 15 0.0920468 0
18.2637 194.336 0 -11.0156 15 0.0920468 0
18.5466 196.875 0 -11.25 15 0.0920468 0
18.8294 199.414 0 -11.4844 15 0.0920468 0
19.1122 201.953 0 -11.7188 15 0.0920468 0
19.3951 204.492 0 -11.9531 15 0.0920468 0
19.6779 207.031 0 -12.1875 15 0.0920468 0
19.9607 209.57 0 -12.4219 15 0.0920468 0
20.2436 212.109 0 -12.6563 15 0.0920468 0
20.5264 214.648 0 -12.8906 15 0.0920468 0
20.8093 217.188 0 -13.125 15 0.0920468 0
21.0921 219.727 0 -13.3594 15 0.0920468 0
21.3749 222.266 0 -13.5938 15 0.0920468 0
21.6578 224.805 0 -13.8281 15 0.0920468 0
21.9406 227.344 0 -14.0625 15 0.0920468 0
22.2235 229.883 0 -14.2969 15 0.0920468 0
22.5063 232.422 0 -14.5313 15 0.0920468 0
22.7891 234.961 0 -14.7656 15 0.0920468 0
23.072 237.5 0 -15 15 0.0920468 0
23.3548 237.5 0 -15 15 0.0920468 0
23.6376 240.039 0 -15.2344 15 0.0920468 0
23.9205 242.578 0 -15.4688 15 0.0920468 0
24.2033 245.117 0 -15.7031 15 0.0920468 0
24.4862 247.656 0 -15.9375 15 0.0920468 0
24.769 250.195 0 -16.1719 15 0.0920468 0
25.0518 252.734 0 -16.4063 15 0.0920468 0
25.3347 255.273 0 -16.6406 15 0.0920468 0
25.6175 257.813 0 -16.875 15 0.0920468 0
25.9003 260.352 0 -17.1094 15 0.0920468 0
26.1832 262.891 0 -17.3438 15 0.0920468 0
26.466 265.43 0 -17.5781 15 0.0920468 0
26.7489 267.969 0 -17.8125 15 0.0920468 0
27.0317 270.508 0 -18.0469 15 0.0920468 0
27.3145 273.047 0 -18.2813 15 0.0920468 0
27.5974 275.586 0 -18.5156 15 0.0920468 0
27.8802 278.125 0 -18.75 15 0.0920468 0
28.163 280.664 0 -18.9844 15 0.0920468 0
28.4459 283.203 0 -19.2188 15 0.0920468 0
28.7287 285.742 0 -19.4531 15 0.0920468 0
29.0116 288.281 0 -19.6875 15 0.0920468 0
29.2944 290.82 0 -19.9219 15 0.0920468 0
29.5772 293.359 0 -20.1563 15 0.0920468 0
29.8601 295.898 0 -20.3906 15 0.0920468 0
30.1429 298.438 0 -20.625 15 0.0920468 0
30.4258 300.977 0 -20.8594 15 0.0920468 0
30.7086 303.516 0 -21.0938 15 0.0920468 0
30.9914 306.055 0 -21.3281 15 0.0920468 0
31.2743 308.594 0 -21.5625 15 0.0920468 0
31.5571 311.133 0 -21.7969 15 0.0920468 0
31.8399 313.672 0 -22.0313 15 0.0920468 0
32.1228 316.211 0 -22.2656 15 0.0920468 0
32.4056 318.75 0 -22.5 15 0.0920468 0
32.6885 321.289 0 -22.7344 15 0.0920468 0
32.9713 323.828 0 -22.9688 15 0.0920468 0
33.2541 326.367 0 -23.2031 15 0.0920468 0
33.537 328.906 0 -23.4375 15 0.0920468 0
33.8198 331.445 0 -23.6719 15 0.0920468 0
34.1026 333.984 0 -23.9063 15 0.0920468 0
34.3855 336.523 0 -24.1406 15 0.0920468 0
34.6683 339.063 0 -24.375 15 0.0920468 0
34.9512 341.602 0 -24.6094 15 0.0920468 0
35.234 344.141 0 -24.8438 15 0.0920468 0
35.5168 346.68 0 -25.0781 15 0.0920468 0
35.7997 349.219 0 -25.3125 15 0.0920468 0
36.0825 351.758 0 -25.5469 15 0.0920468 0
36.3653 354.297 0 -25.7813 15 0.0920468 0
36.6482 356.836 0 -26.0156 15 0.0920468 0
36.931 359.375 0 -26.25 15 0.0920468 0
37.2139 361.914 0 -26.4844 15 0.0920468 0
37.4967 364.453 0 -26.7188 15 0.0920468 0
37.7795 366.992 0 -26.9531 15 0.0920468 0
38.0624 369.531 0 -27.1875 15 0.0920468 0
38.3452 372.07 0 -27.4219 15 0.0920468 0
38.6281 374.609 0 -27.6563 15 0.0920468 0
38.9109 377.148 0 -27.8906 15 0.0920468 0
39.1937 379.688 0 -28.125 15 0.0920468 0
39.4766 382.227 0 -28.3594 15 0.0920468 0
39.7594 384.766 0 -28.5938 15 0.0920468 0
40.0422 387.305 0 -28.8281 15 0.0920468 0
40.3251 389.844 0 -29.0625 15 0.0920468 0
40.6079 392.383 0 -29.2969 15 0.0920468 0
40.8908 394.922 0 -29.5313 15 0.0920468 0
41.1736 397.461 0 -29.7656 15 0.0920468 0
41.4564 400 0 -30 15 -0 0
41.8037 400 0 -30 15 -0 0
42.1509 403.125 0 -30 15 -0 0
42.4981 406.25 0 -30 15 -0 0
42.8453 409.375 0 -30 15 -0 0
43.1925 412.5 0 -30 15 -0 0
43.5398 415.625 0 -30 15 -0 0
43.887 418.75 0 -30 15 -0 0
44.2342 421.875 0 -30 15 -0 0
44.5814 425 0 -30 15 -0 0
45.1157 425 0 -30 15 -0 0
45.6499 429.808 0 -30 15 -0 0
46.1841 434.616 0 -30 15 -0.000356976 0.0204818
46.6082 434.616 0 -30 15 -0.000356976 0.0204818
47.0323 438.432 0.0781746 -29.9986 15 -0.00230166 0.0614262
47.4564 442.245 0.312651 -29.9898 15 -0.00564943 0.102313
47.8805 446.05 0.703288 -29.9682 15 -0.00981317 0.143105
48.3046 449.843 1.24985 -29.9306 15 -0.0142134 0.183764
48.7287 453.621 1.952 -29.876 15 -0.0182824 0.224255
49.1528 457.379 2.80933 -29.8055 15 -0.0214678 0.264543
49.5769 461.115 3.82131 -29.7224 15 -0.0232357 0.304596
50.001 464.824 4.98733 -29.6321 15 -0.0235204 0.324541
50.394 464.824 4.98733 -29.6321 15 -0.0235204 0.324541
50.787 468.247 6.13884 -29.5471 15 -0.0235204 0.324541
51.18 471.669 7.29036 -29.4622 15 -0.0235204 0.324541
51.573 475.092 8.44188 -29.3772 15 -0.0235204 0.324541
51.9659 478.515 9.5934 -29.2923 15 -0.0235204 0.324541
52.3589 481.937 10.7449 -29.2073 15 -0.0235204 0.324541
52.7519 485.36 11.8964 -29.1223 15 -0.0235204 0.324541
53.1449 488.783 13.048 -29.0374 15 -0.0235204 0.324541
53.5379 492.205 14.1995 -28.9524 15 -0.0235204 0.324541
53.9309 495.628 15.351 -28.8675 15 -0.0235204 0.324541
54.3239 499.051 16.5025 -28.7825 15 -0.0235204 0.324541
54.7168 502.474 17.654 -28.6976 15 -0.0235204 0.324541
55.1098 505.896 18.8056 -28.6126 15 -0.0235204 0.324541
55.5028 509.319 19.9571 -28.5277 15 -0.0235204 0.324541
55.8958 512.742 21.1086 -28.4427 15 -0.0235204 0.324541
56.2888 516.164 22.2601 -28.3578 15 -0.0235204 0.324541
56.6818 519.587 23.4116 -28.2728 15 -0.0235204 0.324541
57.0748 523.01 24.5632 -28.1879 15 -0.0235204 0.324541
57.4678 526.432 25.7147 -28.1029 15 -0.0235204 0.324541
57.8607 529.855 26.8662 -28.018 15 -0.0235204 0.324541
58.2537 533.278 28.0177 -27.933 15 -0.0235204 0.324541
58.6467 536.7 29.1692 -27.8481 15 -0.0235204 0.324541
59.0397 540.123 30.3207 -27.7631 15 -0.0235204 0.324541
59.4327 543.546 31.4723 -27.6782 15 -0.0235204 0.324541
59.8257 546.968 32.6238 -27.5932 15 -0.0235204 0.324541
60.2187 550.391 33.7753 -27.5082 15 -0.0235204 0.324541
60.6116 553.814 34.9268 -27.4233 15 -0.0235204 0.324541
61.0046 557.237 36.0783 -27.3383 15 -0.0235204 0.324541
61.3976 560.659 37.2299 -27.2534 15 -0.0235204 0.324541
61.7906 564.082 38.3814 -27.1684 15 -0.0235204 0.324541
62.1836 567.505 39.5329 -27.0835 15 -0.0235204 0.324541
62.5766 570.927 40.6844 -26.9985 15 -0.0235204 0.324541
62.9696 574.35 41.8359 -26.9136 15 -0.0235204 0.324541
63.3827 574.35 41.8359 -26.9136 15 -0.0235204 0.324541
63.7958 577.948 43.0465 -26.8243 15 -0.0235204 0.324541
64.2089 581.546 44.257 -26.735 15 -0.0235204 0.324541
64.6221 585.144 45.4675 -26.6457 15 -0.0235204 0.324541
65.0352 588.742 46.6781 -26.5564 15 -0.0235204 0.324541
65.4483 592.341 47.8886 -26.467 15 -0.0235204 0.324541
65.8615 595.939 49.0991 -26.3777 15 -0.0235204 0.324541
66.2746 599.537 50.3097 -26.2884 15 -0.0235204 0.324541
66.6877 603.135 51.5202 -26.1991 15 -0.0237399 0.275393
66.9786 603.135 51.5202 -26.1991 15 -0.0237399 0.275393
67.2696 605.692 52.2428 -26.136 15 -0.0243727 0.175984
67.5605 608.285 52.7038 -26.0718 15 -0.0252393 0.0756
67.8514 610.898 52.9017 -26.0057 15 -0.0262287 6.25797
68.1424 613.514 52.8358 -25.937 15 -0.0272353 6.15731
68.4333 616.119 52.5061 -25.8655 15 -0.0281632 6.05734
68.7243 618.696 51.914 -25.791 15 -0.0289305 5.95861
69.0152 621.229 51.0617 -25.7137 15 -0.0294716 5.86158
69.3061 623.703 49.9522 -25.6337 15 -0.0297382 5.76664
69.5971 626.102 48.5896 -25.5517 15 -0.0296997 5.6741
69.888 628.411 46.9788 -25.468 15 -0.0293412 5.58417
70.1789 630.616 45.1259 -25.3835 15 -0.0286615 5.49698
70.4699 632.701 43.0375 -25.2989 15 -0.0276711 5.4126
70.7608 634.652 40.7214 -25.2151 15 -0.0263892 5.33103
71.0517 636.457 38.1859 -25.1329 15 -0.0248418 5.25222
71.3427 638.102 35.4403 -25.0534 15 -0.0230597 5.17607
71.6336 639.575 32.4948 -24.9774 15 -0.0210768 5.10249
71.9245 640.864 29.3601 -24.906 15 -0.0189292 5.03133
72.2155 641.958 26.0476 -24.8399 15 -0.0166543 4.96245
72.5064 642.846 22.5695 -24.7802 15 -0.0142901 4.89571
72.7973 643.519 18.9385 -24.7274 15 -0.0118753 4.83097
73.0883 643.969 15.1679 -24.6823 15 -0.00944862 4.76808
73.3792 644.186 11.2714 -24.6454 15 -0.00704892 4.70691
73.6701 644.164 7.26345 -24.6172 15 -0.00471538 4.64733
73.9611 643.897 3.15859 -24.5978 15 -0.00248749 4.58921
74.252 643.378 -1.02814 -24.5873 15 -0.000405149 4.53244
74.5429 642.604 -5.28142 -24.5855 15 0.00149114 4.47692
74.8339 641.572 -9.58568 -24.5921 15 0.00316008 4.42254
75.1248 640.277 -13.9252 -24.6064 15 0.00455941 4.36922
75.4157 638.72 -18.284 -24.6275 15 0.00564567 4.31686
75.7067 636.899 -22.6462 -24.6542 15 0.00637403 4.2654
75.9976 634.814 -26.9959 -24.685 15 0.00669801 4.21477
76.2885 632.466 -31.3171 -24.7179 15 0.00671232 4.1898
76.4421 632.466 -31.3171 -24.7179 15 0.00671232 4.1898
76.5957 631.158 -33.5883 -24.7355 15 0.00671232 4.1898
76.7493 629.85 -35.8594 -24.7531 15 0.00671232 4.1898
76.9062 629.85 -35.8594 -24.7531 15 0.00671232 4.1898
77.0631 628.514 -38.1793 -24.7711 15 0.00671232 4.1898
77.22 627.177 -40.4992 -24.789 15 0.00671232 4.1898
77.3769 625.841 -42.8191 -24.807 15 0.00671232 4.1898
77.5338 624.505 -45.1391 -24.825 15 0.00671232 4.1898
77.6907 623.169 -47.459 -24.8429 15 0.00671232 4.1898
77.8476 621.832 -49.7789 -24.8609 15 0.00671232 4.1898
78.0045 620.496 -52.0988 -24.8789 15 0.00671232 4.1898
78.1613 619.16 -54.4188 -24.8969 15 0.00669221 4.17678
78.3134 619.16 -54.4188 -24.8969 15 0.00669221 4.17678
78.4655 617.829 -56.6611 -24.9143 15 0.00669745 4.1509
78.6176 616.428 -58.8891 -24.9319 15 0.00676581 4.1252
78.7697 614.956 -61.1006 -24.9499 15 0.00689038 4.09968
78.9217 613.414 -63.2932 -24.9684 15 0.00706472 4.07433
79.0738 611.804 -65.4649 -24.9875 15 0.0072828 4.04914
79.2259 610.125 -67.6134 -25.0073 15 0.00753899 4.02411
79.378 608.379 -69.7366 -25.0281 15 0.00782806 3.99922
79.5301 606.566 -71.8324 -25.0497 15 0.00814511 3.97448
79.6821 604.687 -73.8986 -25.0725 15 0.00848559 3.94987
79.8342 602.744 -75.9333 -25.0964 15 0.00884526 3.92539
79.9863 600.736 -77.9344 -25.1214 15 0.00922018 3.90104
80.1384 598.666 -79.8998 -25.1478 15 0.00960669 3.8768
80.2905 596.534 -81.8276 -25.1754 15 0.0100014 3.85268
80.4425 594.342 -83.7159 -25.2043 15 0.0104011 3.82866
80.5946 592.091 -85.5629 -25.2346 15 0.010803 3.80475
80.7467 589.782 -87.3665 -25.2663 15 0.0112043 3.78093
80.8988 587.417 -89.1251 -25.2993 15 0.0116025 3.75721
81.0509 584.997 -90.8369 -25.3337 15 0.0119954 3.73358
81.2029 582.523 -92.5001 -25.3694 15 0.0123809 3.71003
81.355 579.998 -94.1132 -25.4065 15 0.0127571 3.68656
81.5071 577.423 -95.6745 -25.445 15 0.0131222 3.66316
81.6592 574.799 -97.1824 -25.4847 15 0.0134747 3.63984
81.8113 572.128 -98.6354 -25.5256 15 0.0138131 3.61658
81.9634 569.412 -100.032 -25.5678 15 0.0141363 3.59339
82.1154 566.653 -101.371 -25.6112 15 0.0144429 3.57026
82.2675 563.852 -102.651 -25.6557 15 0.0147321 3.54719
82.4196 561.012 -103.87 -25.7012 15 0.0150031 3.52416
82.5717 558.134 -105.028 -25.7477 15 0.015255 3.50119
82.7238 555.221 -106.124 -25.7952 15 0.0154873 3.47827
82.8758 552.274 -107.155 -25.8436 15 0.0156995 3.45539
83.0279 549.295 -108.122 -25.8928 15 0.0158913 3.43255
83.18 546.287 -109.023 -25.9427 15 0.0160623 3.40974
83.3321 543.251 -109.857 -25.9932 15 0.0162126 3.38697
83.4842 540.191 -110.623 -26.0444 15 0.0163419 3.36423
83.6362 537.107 -111.321 -26.0961 15 0.0164505 3.34152
83.7883 534.002 -111.951 -26.1482 15 0.0165385 3.31884
83.9404 530.878 -112.51 -26.2007 15 0.0166062 3.29617
84.0925 527.737 -113 -26.2535 15 0.0166539 3.27353
84.2446 524.582 -113.418 -26.3065 15 0.0166824 3.2509
84.3966 521.416 -113.766 -26.3596 15 0.016692 3.22828
84.5487 518.239 -114.042 -26.4129 15 0.0166836 3.20568
84.7008 515.054 -114.246 -26.4661 15 0.016658 3.18308
84.8529 511.865 -114.379 -26.5193 15 0.0166162 3.16049
85.005 508.672 -114.439 -26.5724 15 0.0165591 3.1379
85.157 505.479 -114.427 -26.6252 15 0.016488 3.11531
85.3091 502.287 -114.343 -26.6779 15 0.0164041 3.09271
85.4612 499.098 -114.187 -26.7303 15 0.0163088 3.07011
85.6133 495.916 -113.959 -26.7823 15 0.0162037 3.04751
85.7654 492.742 -113.66 -26.834 15 0.0160903 3.02489
85.9174 489.579 -113.289 -26.8852 15 0.0159705 3.00225
86.0695 486.429 -112.847 -26.936 15 0.0158462 2.9796
86.2216 483.294 -112.335 -26.9864 15 0.0157194 2.95693
86.3737 480.176 -111.752 -27.0362 15 0.0155922 2.93423
86.5258 477.077 -111.101 -27.0856 15 0.0154671 2.91151
86.6778 474.001 -110.38 -27.1345 15 0.0153465 2.88877
86.8299 470.948 -109.591 -27.1829 15 0.0152331 2.86598
86.982 467.921 -108.735 -27.2308 15 0.0151296 2.84317
87.1341 464.922 -107.813 -27.2783 15 0.0150391 2.82031
87.2862 461.954 -106.825 -27.3253 15 0.0149648 2.79742
87.4382 459.018 -105.772 -27.372 15 0.0149099 2.77448
87.5903 456.116 -104.656 -27.4184 15 0.0148782 2.75149
87.7424 453.25 -103.478 -27.4645 15 0.0148733 2.72846
87.8945 450.423 -102.239 -27.5104 15 0.0148993 2.70536
88.0466 447.635 -100.939 -27.5562 15 0.0149252 2.69381
88.2817 447.635 -100.939 -27.5562 15 0.0149252 2.69381
88.5169 443.358 -98.8848 -27.627 15 0.0149252 2.69381
88.752 439.081 -96.8303 -27.6979 15 0.0149252 2.69381
88.9872 434.803 -94.7758 -27.7687 15 0.0149252 2.69381
89.2224 430.526 -92.7213 -27.8395 15 0.0149252 2.69381
89.3871 430.526 -92.7213 -27.8395 15 0.0149252 2.69381
89.5519 427.529 -91.2817 -27.8891 15 0.0149252 2.69381
89.7167 424.531 -89.842 -27.9388 15 0.0149252 2.69381
89.8815 421.534 -88.4023 -27.9884 15 0.0149252 2.69381
90.0463 418.537 -86.9627 -28.038 15 0.0149252 2.69381
90.2111 415.54 -85.523 -28.0877 15 0.0149252 2.69381
90.3758 412.542 -84.0834 -28.1373 15 0.0149252 2.69381
90.5406 409.545 -82.6437 -28.1869 15 0.0149252 2.69381
90.7054 406.548 -81.204 -28.2366 15 0.0149252 2.69381
90.8702 403.55 -79.7644 -28.2862 15 0.0149252 2.69381
91.035 400.553 -78.3247 -28.3358 15 0.0149252 2.69381
91.1998 397.556 -76.8851 -28.3855 15 0.0149252 2.69381
91.3645 394.558 -75.4454 -28.4351 15 0.0149252 2.69381
91.5293 391.561 -74.0057 -28.4847 15 0.0149252 2.69381
91.6941 388.564 -72.5661 -28.5343 15 0.0149252 2.69381
91.8589 385.567 -71.1264 -28.584 15 0.0149252 2.69381
92.0237 382.569 -69.6868 -28.6336 15 0.0149252 2.69381
92.1885 379.572 -68.2471 -28.6832 15 0.0149252 2.69381
92.3532 376.575 -66.8074 -28.7329 15 0.0149252 2.69381
92.518 373.577 -65.3678 -28.7825 15 0.0149252 2.69381
92.6828 370.58 -63.9281 -28.8321 15 0.0149252 2.69381
92.8476 367.583 -62.4884 -28.8818 15 0.0149252 2.69381
93.0124 364.586 -61.0488 -28.9314 15 0.0149252 2.69381
93.1772 361.588 -59.6091 -28.981 15 0.0149252 2.69381
93.3419 358.591 -58.1695 -29.0307 15 0.0149252 2.69381
93.5067 355.594 -56.7298 -29.0803 15 0.0149252 2.69381
93.6715 352.596 -55.2901 -29.1299 15 0.0149252 2.69381
93.8363 349.599 -53.8505 -29.1796 15 0.0149252 2.69381
94.0011 346.602 -52.4108 -29.2292 15 0.0149252 2.69381
94.1659 343.604 -50.9712 -29.2788 15 0.0149252 2.69381
94.3306 340.607 -49.5315 -29.3285 15 0.0149252 2.69381
94.4954 337.61 -48.0918 -29.3781 15 0.0149252 2.69381
94.6602 334.613 -46.6522 -29.4277 15 0.0148951 2.68351
94.8988 334.613 -46.6522 -29.4277 15 0.0148951 2.68351
95.1374 330.303 -44.5271 -29.4993 15 0.0146193 2.66286
95.376 326.054 -42.3219 -29.5693 15 0.0140527 2.64216
95.6145 321.868 -40.0382 -29.6363 15 0.0132382 2.62141
95.8531 317.747 -37.678 -29.6992 15 0.0122186 2.6006
96.0917 313.694 -35.243 -29.7569 15 0.011037 2.57973
96.3303 309.711 -32.7353 -29.8089 15 0.00973674 2.5588
96.5689 305.799 -30.1567 -29.8545 15 0.00836142 2.53781
96.8075 301.96 -27.5093 -29.8935 15 0.00695509 2.51674
97.046 298.198 -24.7953 -29.9258 15 0.00556223 2.49561
97.2846 294.512 -22.0167 -29.9515 15 0.00422791 2.47439
97.5232 290.905 -19.1758 -29.9709 15 0.00299779 2.45311
97.7618 287.38 -16.2749 -29.9845 15 0.00191827 2.43174
98.0004 283.936 -13.3161 -29.9933 15 0.00103654 2.41028
98.239 280.577 -10.3019 -29.9979 15 0.000400665 2.38874
98.4775 277.303 -7.23468 -29.9997 15 5.97033e-005 2.3671
98.7161 274.117 -4.11683 -30 15 -0 2.35619
98.8724 274.117 -4.11683 -30 15 -0 2.35619
99.0286 272.058 -2.05841 -30 15 -0 2.35619
99.1849 270 0 -30 15 -0 2.35619
99.334 270 0 -30 15 -0 2.35619
99.4832 268.035 1.96478 -30 15 -0 2.35619
99.6323 266.07 3.92955 -30 15 0.000397406 2.37232
99.8671 266.07 3.92955 -30 15 0.000397406 2.37232
100.102 262.913 6.98685 -30.0017 15 0.00264616 2.40438
100.337 259.629 9.96843 -30.0135 15 0.00679003 2.43624
100.572 256.223 12.8691 -30.0439 15 0.0124654 2.46792
100.806 252.697 15.6838 -30.1001 15 0.0193285 2.49942
101.041 249.055 18.4075 -30.188 15 0.027054 2.53076
101.276 245.301 21.0356 -30.312 15 0.035333 2.56195
101.511 241.44 23.5635 -30.4752 15 0.0438721 2.593
101.746 237.475 25.9867 -30.6791 15 0.0523921 2.62391
101.981 233.411 28.301 -30.9244 15 0.0606271 2.6547
102.215 229.253 30.5024 -31.21 15 0.0683234 2.68537
102.45 225.005 32.587 -31.5338 15 0.0752385 2.71593
102.685 220.673 34.5512 -31.8924 15 0.0811399 2.7464
102.92 216.261 36.3916 -32.2811 15 0.0858037 2.77678
103.155 211.775 38.1049 -32.6941 15 0.0890129 2.80707
103.389 207.22 39.6882 -33.1245 15 0.0905562 2.83729
103.624 202.601 41.1386 -33.5641 15 0.0912328 2.85302
103.814 202.601 41.1386 -33.5641 15 0.0912328 2.85302
104.003 198.871 42.2458 -33.92 15 0.0912328 2.85302
104.193 195.142 43.353 -34.276 15 0.0912328 2.85302
104.382 191.412 44.4603 -34.6319 15 0.0912328 2.85302
104.572 187.682 45.5675 -34.9879 15 0.0912328 2.85302
104.761 183.952 46.6747 -35.3438 15 0.0912328 2.85302
104.95 180.222 47.7819 -35.6998 15 0.0912328 2.85302
105.14 176.492 48.8892 -36.0557 15 0.0912328 2.85302
105.329 172.763 49.9964 -36.4117 15 0.0912328 2.85302
105.519 169.033 51.1036 -36.7676 15 0.0912328 2.85302
105.708 165.303 52.2108 -37.1236 15 0.0912328 2.85302
105.898 161.573 53.318 -37.4795 15 0.0912328 2.85302
106.087 157.843 54.4253 -37.8355 15 0.0912328 2.85302
106.277 154.113 55.5325 -38.1914 15 0.0912328 2.85302
106.466 150.384 56.6397 -38.5474 15 0.0912328 2.85302
106.656 146.654 57.7469 -38.9033 15 0.0912328 2.85302
106.845 142.924 58.8541 -39.2593 15 0.0912327 2.85302
107.039 142.924 58.8541 -39.2593 15 0.0912327 2.85302
107.234 139.101 59.9891 -39.6241 15 0.0912327 2.85302
107.428 135.278 61.124 -39.989 15 0.0910242 2.87333
107.665 135.278 61.124 -39.989 15 0.0910242 2.87333
107.902 130.572 62.4176 -40.4344 15 0.0905695 2.91385
108.139 125.798 63.5239 -40.8795 15 0.0900391 2.95427
108.376 120.968 64.4396 -41.3233 15 0.0893871 2.99462
108.613 116.091 65.1615 -41.7652 15 0.0885737 3.03491
108.851 111.179 65.6876 -42.2039 15 0.0875641 3.07516
109.088 106.242 66.0159 -42.6382 15 0.0863287 3.11539
109.325 101.293 66.1457 -43.0667 15 0.0848426 3.1556
109.562 96.3426 66.0763 -43.4878 15 0.0830855 3.19582
109.799 91.4013 65.8081 -43.8999 15 0.0810418 3.23606
110.036 86.4807 65.3418 -44.3013 15 0.0787001 3.27634
110.273 81.592 64.6791 -44.6904 15 0.0760536 3.31667
110.511 76.7462 63.8219 -45.0654 15 0.0730997 3.35707
110.748 71.9542 62.773 -45.4246 15 0.0698404 3.39756
110.985 67.2267 61.5358 -45.7664 15 0.0662825 3.43815
111.222 62.5743 60.1142 -46.0894 15 0.0624373 3.47886
111.459 58.0071 58.5126 -46.3919 15 0.0583215 3.5197
111.696 53.5353 56.7364 -46.6729 15 0.0539568 3.5607
111.933 49.1686 54.7909 -46.9311 15 0.0493709 3.60188
112.171 44.9162 52.6826 -47.1656 15 0.0445975 3.64326
112.408 40.7873 50.418 -47.3757 15 0.0396769 3.68485
112.645 36.7904 48.0044 -47.5611 15 0.0346568 3.72668
112.882 32.9337 45.4494 -47.7215 15 0.0295924 3.76878
113.119 29.2249 42.7613 -47.8571 15 0.0245477 3.81116
113.356 25.6715 39.9485 -47.9683 15 0.0195961 3.85386
113.593 22.28 37.02 -48.0562 15 0.0148212 3.89691
113.831 19.0568 33.9852 -48.1218 15 0.0103183 3.94033
114.068 16.0077 30.8536 -48.1669 15 0.00619521 3.98415
114.305 13.1378 27.6354 -48.1936 15 0.00257374 4.02841
114.542 10.4517 24.3406 -48.2045 15 -0.000408489 4.07315
114.779 7.95342 20.9798 -48.2028 15 -0.00259641 4.1184
115.016 5.64641 17.5637 -48.1921 15 -0.0038154 4.16422
115.253 3.53346 14.1032 -48.1767 15 -0.00402743 4.1898
115.448 3.53346 14.1032 -48.1767 15 -0.00402743 4.1898
115.642 1.87825 11.2296 -48.1633 15 -0.00402743 4.1898
115.836 0.223029 8.35595 -48.1499 15 -0.00402743 4.1898
116.031 -1.43219 5.48231 -48.1366 15 -0.00402743 4.1898
116.225 -3.0874 2.60867 -48.1232 15 -0.00402743 4.1898
116.419 -4.74262 -0.264966 -48.1099 15 -0.00402743 4.1898
116.614 -6.39784 -3.13861 -48.0965 15 -0.00402743 4.1898
116.808 -8.05305 -6.01224 -48.0832 15 -0.00402743 4.1898
117.002 -9.70827 -8.88588 -48.0698 15 -0.00402743 4.1898
117.197 -11.3635 -11.7595 -48.0565 15 -0.00402743 4.1898
117.391 -13.0187 -14.6332 -48.0431 15 -0.00402743 4.1898
117.585 -14.6739 -17.5068 -48.0297 15 -0.00402743 4.1898
117.78 -16.3291 -20.3804 -48.0164 15 -0.00402743 4.1898
117.974 -17.9844 -23.2541 -48.003 15 -0.00402743 4.1898
118.168 -19.6396 -26.1277 -47.9897 15 -0.00402743 4.1898
118.363 -21.2948 -29.0014 -47.9763 15 -0.00402743 4.1898
118.557 -22.95 -31.875 -47.963 15 -0.00402743 4.1898
118.712 -22.95 -31.875 -47.963 15 -0.00402743 4.1898
118.866 -24.2664 -34.1605 -47.9523 15 -0.00406612 4.1998
119.072 -24.2664 -34.1605 -47.9523 15 -0.00406612 4.1998
119.277 -25.9795 -37.2046 -47.9381 15 -0.00423595 4.2199
119.483 -27.6187 -40.2594 -47.9235 15 -0.00453847 4.24012
119.688 -29.1838 -43.3232 -47.9078 15 -0.00496562 4.26047
119.893 -30.6745 -46.3942 -47.8909 15 -0.00550952 4.28095
120.099 -32.0907 -49.4705 -47.8722 15 -0.0061624 4.30157
120.304 -33.4323 -52.5504 -47.8515 15 -0.00691666 4.32232
120.51 -34.6993 -55.632 -47.8285 15 -0.0077648 4.34322
120.715 -35.8915 -58.7135 -47.8028 15 -0.00869947 4.36427
120.921 -37.0092 -61.7931 -47.7743 15 -0.00971344 4.38547
121.126 -38.0522 -64.869 -47.7428 15 -0.0107996 4.40683
121.332 -39.0207 -67.9395 -47.708 15 -0.011951 4.42836
121.537 -39.9149 -71.0026 -47.6699 15 -0.0131608 4.45005
121.743 -40.735 -74.0566 -47.6282 15 -0.0144221 4.47193
121.948 -41.4812 -77.0997 -47.5831 15 -0.0157285 4.49398
122.154 -42.1538 -80.1302 -47.5342 15 -0.0170734 4.51623
122.359 -42.7531 -83.1462 -47.4817 15 -0.0184504 4.53867
122.564 -43.2795 -86.1459 -47.4255 15 -0.0198532 4.56131
122.77 -43.7334 -89.1277 -47.3656 15 -0.0212758 4.58416
122.975 -44.1153 -92.0897 -47.3021 15 -0.022712 4.60722
123.181 -44.4257 -95.0302 -47.2349 15 -0.0241559 4.63051
123.386 -44.6651 -97.9475 -47.1642 15 -0.0256019 4.65403
123.592 -44.8341 -100.84 -47.09 15 -0.0270442 4.67778
123.797 -44.9333 -103.706 -47.0124 15 -0.0284773 4.70178
124.003 -44.9634 -106.543 -46.9316 15 -0.0298959 4.72603
124.208 -44.9251 -109.35 -46.8476 15 -0.0312948 4.75054
124.414 -44.8192 -112.126 -46.7607 15 -0.0326687 4.77532
124.619 -44.6463 -114.869 -46.6709 15 -0.034013 4.80038
124.825 -44.4075 -117.577 -46.5784 15 -0.0353227 4.82573
125.03 -44.1034 -120.248 -46.4834 15 -0.0365934 4.85137
125.235 -43.7351 -122.881 -46.386 15 -0.0378207 4.87731
125.441 -43.3034 -125.475 -46.2866 15 -0.0390005 4.90357
125.646 -42.8093 -128.027 -46.1851 15 -0.0401288 4.93015
125.852 -42.2539 -130.537 -46.0819 15 -0.0412019 4.95707
126.057 -41.6383 -133.003 -45.9771 15 -0.0422164 4.98432
126.263 -40.9634 -135.423 -45.871 15 -0.0431693 5.01193
126.674 -40.2304 -137.797 -45.7637 15 -0.0444702 5.05398
127.085 -38.5948 -142.397 -45.5464 15 -0.0459742 5.11141
127.495 -36.7411 -146.794 -45.3269 15 -0.0471921 5.1704
127.906 -34.6794 -150.976 -45.1067 15 -0.0481171 5.23104
128.317 -32.4205 -154.933 -44.8872 15 -0.0487502 5.29336
128.728 -29.9754 -158.658 -44.6699 15 -0.0491022 5.35743
129.139 -27.3556 -162.14 -44.4558 15 -0.0491946 5.42329
129.55 -24.573 -165.371 -44.2458 15 -0.0490609 5.49095
129.961 -21.6401 -168.344 -44.0407 15 -0.0487487 5.56041
130.372 -18.5694 -171.052 -43.841 15 -0.0483199 5.63166
130.783 -15.374 -173.489 -43.6467 15 -0.0478524 5.70462
131.194 -12.0672 -175.649 -43.4575 15 -0.0474402 5.77923
131.605 -8.66259 -177.527 -43.2729 15 -0.0471932 5.85535
132.016 -5.17386 -179.117 -43.0918 15 -0.0472364 5.93282
132.426 -1.61503 -180.418 -42.9127 15 -0.0474084 5.97195
132.724 -1.61503 -180.418 -42.9127 15 -0.0474084 5.97195
133.022 0.985439 -181.255 -42.7831 15 -0.0474084 5.97195
133.32 3.58591 -182.091 -42.6535 15 -0.0474084 5.97195
133.618 6.18638 -182.928 -42.5239 15 -0.0474084 5.97195
133.916 8.78685 -183.764 -42.3943 15 -0.0474084 5.97195
134.214 11.3873 -184.601 -42.2647 15 -0.0474084 5.97195
134.512 13.9878 -185.437 -42.1351 15 -0.0474084 5.97195
134.81 16.5883 -186.274 -42.0055 15 -0.0474084 5.97195
135.108 19.1887 -187.11 -41.8759 15 -0.0474084 5.97195
135.406 21.7892 -187.947 -41.7463 15 -0.0474084 5.97195
135.704 24.3897 -188.783 -41.6167 15 -0.0474084 5.97195
136.002 26.9901 -189.62 -41.4871 15 -0.0474084 5.97195
136.3 29.5906 -190.457 -41.3575 15 -0.0474084 5.97195
136.598 32.1911 -191.293 -41.2279 15 -0.0474084 5.97195
136.895 34.7915 -192.13 -41.0983 15 -0.0474084 5.97195
137.193 37.392 -192.966 -40.9687 15 -0.0474084 5.97195
137.491 39.9925 -193.803 -40.8391 15 -0.0474084 5.97195
137.789 42.593 -194.639 -40.7095 15 -0.0474084 5.97195
138.087 45.1934 -195.476 -40.5799 15 -0.0474084 5.97195
138.385 47.7939 -196.312 -40.4503 15 -0.0474084 5.97195
138.683 50.3944 -197.149 -40.3207 15 -0.0474084 5.97195
138.981 52.9948 -197.985 -40.1911 15 -0.0474084 5.97195
139.279 55.5953 -198.822 -40.0615 15 -0.0474084 5.97195
139.577 58.1958 -199.659 -39.9319 15 -0.0474084 5.97195
139.875 60.7962 -200.495 -39.8023 15 -0.0474084 5.97195
140.173 63.3967 -201.332 -39.6727 15 -0.0474084 5.97195
140.471 65.9972 -202.168 -39.5431 15 -0.0474084 5.97195
140.769 68.5977 -203.005 -39.4134 15 -0.0474084 5.97195
141.066 71.1981 -203.841 -39.2838 15 -0.0474084 5.97195
141.364 73.7986 -204.678 -39.1542 15 -0.0474084 5.97195
141.662 76.3991 -205.514 -39.0246 15 -0.0474084 5.97195
141.96 78.9995 -206.351 -38.895 15 -0.0474084 5.97195
142.258 81.6 -207.188 -38.7654 15 -0.0474084 5.97195
142.598 81.6 -207.188 -38.7654 15 -0.0474084 5.97195
142.938 84.5683 -208.142 -38.6175 15 -0.0474084 5.97195
143.278 87.5366 -209.097 -38.4696 15 -0.0474084 5.97195
143.619 90.5049 -210.052 -38.3216 15 -0.0474084 5.97195
143.959 93.4732 -211.007 -38.1737 15 -0.0474084 5.97195
144.299 96.4415 -211.962 -38.0258 15 -0.0474084 5.97195
144.639 99.4098 -212.917 -37.8778 15 -0.0474084 5.97195
144.979 102.378 -213.872 -37.7299 15 -0.0474084 5.97195
145.319 105.346 -214.827 -37.582 15 -0.0474084 5.97195
145.659 108.315 -215.781 -37.434 15 -0.0474084 5.97195
145.999 111.283 -216.736 -37.2861 15 -0.0474084 5.97195
146.339 114.251 -217.691 -37.1381 15 -0.0474084 5.97195
146.679 117.22 -218.646 -36.9902 15 -0.0474084 5.97195
147.019 120.188 -219.601 -36.8423 15 -0.0474084 5.97195
147.359 123.156 -220.556 -36.6943 15 -0.0474084 5.97195
147.699 126.124 -221.511 -36.5464 15 -0.0474084 5.97195
148.039 129.093 -222.466 -36.3985 15 -0.0474084 5.97195
148.38 132.061 -223.42 -36.2505 15 -0.0474084 5.97195
148.72 135.029 -224.375 -36.1026 15 -0.0474084 5.97195
149.06 137.998 -225.33 -35.9547 15 -0.0474084 5.97195
149.4 140.966 -226.285 -35.8067 15 -0.0474084 5.97195
149.74 143.934 -227.24 -35.6588 15 -0.0474084 5.97195
150.08 146.903 -228.195 -35.5109 15 -0.0474084 5.97195
150.42 149.871 -229.15 -35.3629 15 -0.0474084 5.97195
150.76 152.839 -230.105 -35.215 15 -0.0474084 5.97195
151.1 155.807 -231.059 -35.0671 15 -0.0474084 5.97195
151.44 158.776 -232.014 -34.9191 15 -0.0474084 5.97195
151.78 161.744 -232.969 -34.7712 15 -0.0474084 5.97195
152.12 164.712 -233.924 -34.6232 15 -0.0474084 5.97195
152.46 167.681 -234.879 -34.4753 15 -0.0474084 5.97195
152.8 170.649 -235.834 -34.3274 15 -0.0474084 5.97195
153.141 173.617 -236.789 -34.1794 15 -0.0474084 5.97195
153.481 176.586 -237.744 -34.0315 15 -0.04768 6.00787
153.855 176.586 -237.744 -34.0315 15 -0.04768 6.00787
154.229 179.875 -238.673 -33.8684 15 -0.0483759 6.08033
154.604 183.199 -239.356 -33.7041 15 -0.0492491 6.15337
154.978 186.549 -239.794 -33.5376 15 -0.0501951 6.22681
155.352 189.912 -239.984 -33.3684 15 -0.0511161 0.0172321
155.727 193.278 -239.926 -33.1961 15 -0.051923 0.0907865
156.101 196.637 -239.62 -33.0209 15 -0.0525378 0.164067
156.476 199.976 -239.067 -32.8429 15 -0.0528948 0.236861
156.85 203.285 -238.268 -32.6626 15 -0.0529421 0.308968
157.224 206.554 -237.225 -32.4808 15 -0.0526418 0.380203
157.599 209.771 -235.939 -32.2982 15 -0.0519698 0.450407
157.973 212.927 -234.413 -32.1159 15 -0.0509156 0.51944
158.347 216.009 -232.651 -31.935 15 -0.0494809 0.587191
158.722 219.009 -230.654 -31.7566 15 -0.0476784 0.653572
159.096 221.915 -228.429 -31.5819 15 -0.0455307 0.718517
159.471 224.718 -225.977 -31.4122 15 -0.0430684 0.781987
159.845 227.408 -223.306 -31.2488 15 -0.0403287 0.84396
160.219 229.975 -220.419 -31.093 15 -0.0373544 0.904431
160.594 232.41 -217.322 -30.9457 15 -0.0341923 0.963414
160.968 234.704 -214.022 -30.8083 15 -0.0308926 1.02093
161.342 236.848 -210.524 -30.6815 15 -0.0275077 1.07702
161.717 238.833 -206.837 -30.5663 15 -0.0240916 1.13172
162.091 240.651 -202.966 -30.4632 15 -0.0206996 1.18507
162.466 242.294 -198.919 -30.3728 15 -0.0173877 1.23714
162.84 243.755 -194.704 -30.2952 15 -0.0142126 1.28798
163.214 245.026 -190.33 -30.2305 15 -0.0112311 1.33763
163.589 246.101 -185.805 -30.1782 15 -0.0085006 1.38617
163.963 246.972 -181.138 -30.1379 15 -0.00607849 1.43364
164.337 247.635 -176.338 -30.1084 15 -0.00402261 1.48011
164.525 248.082 -171.414 -30.0885 15 -0.00274307 1.5143
164.712 248.224 -168.909 -30.0817 15 -0.0020423 1.53682
164.899 248.31 -166.376 -30.0765 15 -0.00146594 1.55912
165.086 248.34 -163.817 -30.0727 15 -0.0010214 1.58121
165.273 248.313 -161.233 -30.0701 15 -0.000716123 1.60308
165.461 248.229 -158.626 -30.0682 15 -0.000557614 1.62476
165.648 248.087 -155.997 -30.0668 15 -0.000528944 1.63533
165.984 248.087 -155.997 -30.0668 15 -0.000528944 1.63533
166.32 247.781 -151.254 -30.0642 15 -0.000528944 1.63533
166.656 247.474 -146.51 -30.0617 15 -0.000528944 1.63533
166.978 247.474 -146.51 -30.0617 15 -0.000528944 1.63533
167.3 247.181 -141.971 -30.0593 15 -0.000528944 1.63533
167.621 246.887 -137.432 -30.0569 15 -0.000528944 1.63533
167.943 246.594 -132.893 -30.0545 15 -0.000528944 1.63533
168.265 246.301 -128.355 -30.0521 15 -0.000528944 1.63533
168.586 246.007 -123.816 -30.0497 15 -0.000528944 1.63533
168.908 245.714 -119.277 -30.0473 15 -0.000528944 1.63533
169.23 245.421 -114.738 -30.0449 15 -0.000528944 1.63533
169.551 245.127 -110.199 -30.0425 15 -0.000528944 1.63533
169.873 244.834 -105.66 -30.0401 15 -0.000528944 1.63533
170.195 244.541 -101.121 -30.0377 15 -0.000528944 1.63533
170.516 244.247 -96.5817 -30.0353 15 -0.000528944 1.63533
170.838 243.954 -92.0427 -30.0329 15 -0.000528944 1.63533
171.16 243.661 -87.5038 -30.0305 15 -0.000528944 1.63533
171.481 243.367 -82.9648 -30.028 15 -0.000528944 1.63533
171.803 243.074 -78.4258 -30.0256 15 -0.000528944 1.63533
172.125 242.781 -73.8869 -30.0232 15 -0.000531021 1.62428
172.317 242.781 -73.8869 -30.0232 15 -0.000531021 1.62428
172.509 242.636 -71.1838 -30.0218 15 -0.000533305 1.602
172.702 242.552 -68.5044 -30.0204 15 -0.000532868 1.57951
172.894 242.529 -65.85 -30.019 15 -0.000529803 1.55679
173.086 242.566 -63.2219 -30.0176 15 -0.000524206 1.53385
173.279 242.662 -60.6215 -30.0162 15 -0.000516181 1.51066
173.471 242.817 -58.0502 -30.0149 15 -0.000505837 1.48724
173.663 243.03 -55.5092 -30.0136 15 -0.000493291 1.46357
174.048 243.3 -52.9998 -30.0123 15 -0.000470455 1.4276
174.433 244.009 -48.0813 -30.01 15 -0.000433769 1.37867
174.818 244.938 -43.3048 -30.0079 15 -0.000390756 1.3286
175.202 246.081 -38.68 -30.006 15 -0.00034275 1.27734
175.587 247.43 -34.2166 -30.0044 15 -0.000291258 1.22482
175.972 248.977 -29.9236 -30.0031 15 -0.000237971 1.17099
176.357 250.715 -25.81 -30.002 15 -0.000184787 1.11579
176.741 252.636 -21.8842 -30.0012 15 -0.000133824 1.05915
177.126 254.73 -18.1542 -30.0007 15 -8.74355e-005 1.00103
177.511 256.99 -14.6279 -30.0003 15 -4.82165e-005 0.941389
177.895 259.404 -11.3124 -30.0001 15 -1.9007e-005 0.880192
178.28 261.964 -8.21449 -30 15 -2.88453e-006 0.817416
178.665 264.659 -5.34065 -30 15 -0 0.785398
179.037 264.659 -5.34065 -30 15 -0 0.785398
179.409 267.33 -2.67033 -30 15 -0 0.785398
179.782 270 0 -30 15 -0 0.785398
179.92 270 0 -30 15 -0 0.785398
180.059 270.994 0.993886 -30 15 -0 0.75533
180.539 270.994 0.993886 -30 15 -0 0.75533
181.018 274.507 4.30169 -30 15 -0 0.694113
181.498 278.154 7.33686 -30 15 -0 0.63156
181.978 281.923 10.094 -30 15 -0 0.567716
182.458 285.802 12.5681 -30 15 -0 0.502642
182.938 289.78 14.7549 -30 15 -0 0.43642
183.418 293.844 16.6504 -30 15 -0 0.369154
183.898 297.982 18.2513 -30 15 -0 0.300968
184.377 302.181 19.5547 -30 15 -0 0.232004
184.857 306.429 20.5583 -30 15 -0 0.162425
185.337 310.713 21.2603 -30 15 -0 0.0924061
185.817 315.02 21.6594 -30 15 -0 0.022133
186.297 319.337 21.755 -30 15 -0 6.23498
186.777 323.652 21.5468 -30 15 -0 6.16478
187.256 327.952 21.0353 -30 15 -0 6.09491
187.736 332.224 20.2213 -30 15 -0 6.02553
188.216 336.455 19.1064 -30 15 -0 5.99111
188.603 336.455 19.1064 -30 15 -0 5.99111
188.99 339.848 18.0863 -30 15 -0 5.99111
189.377 343.241 17.0662 -30 15 -0 5.99111
189.764 346.633 16.0461 -30 15 -0 5.99111
190.151 350.026 15.026 -30 15 -0 5.99111
190.586 350.026 15.026 -30 15 -0 5.99111
191.021 353.839 13.8795 -30 15 -0 5.99111
191.456 357.652 12.733 -30 15 0.000115041 6.03016
192 357.652 12.733 -30 15 0.000115041 6.03016
192.544 362.454 11.4914 -30.0006 15 0.000766305 6.10892
193.089 367.306 10.6372 -30.0043 15 0.00195752 6.18828
193.633 372.19 10.1724 -30.0139 15 0.00356511 6.26798
194.177 377.086 10.0979 -30.0314 15 0.00546653 0.0645503
194.721 381.977 10.4141 -30.0582 15 0.00754348 0.144074
195.265 386.843 11.1201 -30.0953 15 0.00968516 0.223094
195.809 391.666 12.2143 -30.1432 15 0.0117911 0.30135
196.082 396.428 13.6943 -30.202 15 0.0132957 0.359382
196.354 398.78 14.5779 -30.2354 15 0.0142437 0.397722
196.626 401.11 15.5566 -30.2714 15 0.0151382 0.435748
196.898 403.415 16.6299 -30.3099 15 0.0159718 0.473439
197.17 405.693 17.797 -30.3508 15 0.0167384 0.510774
197.442 407.942 19.0574 -30.3939 15 0.0174325 0.547736
197.714 410.16 20.4104 -30.4392 15 0.0180497 0.584309
197.986 412.345 21.8551 -30.4865 15 0.0185865 0.620481
198.258 414.493 23.3907 -30.5356 15 0.0190404 0.656241
198.53 416.604 25.0163 -30.5863 15 0.0194096 0.691578
198.803 418.675 26.7311 -30.6385 15 0.0196931 0.726487
199.075 420.704 28.534 -30.692 15 0.0198906 0.760961
199.347 422.689 30.4241 -30.7465 15 0.0200028 0.794997
199.619 424.628 32.4001 -30.8019 15 0.0200308 0.828593
199.891 426.518 34.461 -30.8579 15 0.0199762 0.861748
200.163 428.358 36.6057 -30.9144 15 0.0198415 0.894463
200.435 430.145 38.8328 -30.971 15 0.01975 0.910688
200.715 430.145 38.8328 -30.971 15 0.01975 0.910688
200.995 431.958 41.1678 -31.0294 15 0.01975 0.910688
201.276 433.77 43.5029 -31.0878 15 0.01975 0.910688
201.556 435.583 45.838 -31.1462 15 0.01975 0.910688
201.836 437.396 48.173 -31.2046 15 0.01975 0.910688
202.116 439.208 50.5081 -31.263 15 0.01975 0.910688
202.396 441.021 52.8431 -31.3214 15 0.01975 0.910688
202.676 442.834 55.1782 -31.3798 15 0.01975 0.910688
202.957 444.646 57.5133 -31.4382 15 0.01975 0.910688
203.237 446.459 59.8483 -31.4965 15 0.01975 0.910688
203.517 448.272 62.1834 -31.5549 15 0.01975 0.910688
203.797 450.084 64.5184 -31.6133 15 0.01975 0.910688
204.077 451.897 66.8535 -31.6717 15 0.01975 0.910688
204.357 453.71 69.1886 -31.7301 15 0.01975 0.910688
204.638 455.522 71.5236 -31.7885 15 0.01975 0.910688
204.918 457.335 73.8587 -31.8469 15 0.01975 0.910688
205.198 459.148 76.1937 -31.9053 15 0.01975 0.910688
205.478 460.96 78.5288 -31.9637 15 0.01975 0.910688
205.758 462.773 80.8639 -32.0221 15 0.01975 0.910688
206.039 464.585 83.1989 -32.0804 15 0.01975 0.910688
206.319 466.398 85.534 -32.1388 15 0.01975 0.910688
206.599 468.211 87.869 -32.1972 15 0.01975 0.910688
206.879 470.023 90.2041 -32.2556 15 0.01975 0.910688
207.159 471.836 92.5391 -32.314 15 0.01975 0.910688
207.439 473.649 94.8742 -32.3724 15 0.01975 0.910688
207.72 475.461 97.2093 -32.4308 15 0.01975 0.910688
208 477.274 99.5443 -32.4892 15 0.01975 0.910688
208.28 479.087 101.879 -32.5476 15 0.01975 0.910688
208.56 480.899 104.214 -32.6059 15 0.01975 0.910688
208.84 482.712 106.55 -32.6643 15 0.01975 0.910688
209.12 484.525 108.885 -32.7227 15 0.01975 0.910688
209.401 486.337 111.22 -32.7811 15 0.01975 0.910688
209.681 488.15 113.555 -32.8395 15 0.01975 0.910688
210.109 488.15 113.555 -32.8395 15 0.01975 0.910688
210.538 490.922 117.126 -32.9288 15 0.01975 0.910688
210.966 493.694 120.696 -33.0181 15 0.01975 0.910688
211.395 496.466 124.267 -33.1074 15 0.01975 0.910688
211.823 499.238 127.838 -33.1967 15 0.01975 0.910688
212.251 502.01 131.409 -33.286 15 0.01975 0.910688
212.68 504.782 134.98 -33.3753 15 0.01975 0.910688
213.108 507.554 138.551 -33.4646 15 0.01975 0.910688
213.537 510.326 142.122 -33.5538 15 0.01975 0.910688
213.965 513.098 145.693 -33.6431 15 0.01975 0.910688
214.394 515.87 149.263 -33.7324 15 0.01975 0.910688
214.822 518.642 152.834 -33.8217 15 0.01975 0.910688
215.251 521.414 156.405 -33.911 15 0.01975 0.910688
215.679 524.186 159.976 -34.0003 15 0.01975 0.910688
216.108 526.958 163.547 -34.0896 15 0.01975 0.910688
216.536 529.73 167.118 -34.1789 15 0.01975 0.910688
216.964 532.502 170.689 -34.2682 15 0.0194537 0.950176
217.212 532.502 170.689 -34.2682 15 0.0194537 0.950176
217.46 534.042 172.843 -34.3197 15 0.0187076 1.02706
217.708 535.45 175.172 -34.3706 15 0.0177622 1.10141
217.955 536.716 177.668 -34.4203 15 0.0166415 1.17333
218.203 537.829 180.321 -34.4682 15 0.0153688 1.24292
218.451 538.783 183.123 -34.5137 15 0.0139656 1.31033
218.699 539.566 186.063 -34.5562 15 0.0124522 1.37569
218.946 540.173 189.133 -34.5952 15 0.010847 1.43913
219.194 540.595 192.32 -34.6301 15 0.00916735 1.50078
219.442 540.826 195.614 -34.6603 15 0.00742895 1.56078
219.689 540.86 199.004 -34.6855 15 0.00564645 1.61924
219.937 540.692 202.477 -34.7051 15 0.00383346 1.67627
220.185 540.316 206.022 -34.7188 15 0.0020027 1.73199
220.433 539.73 209.626 -34.7261 15 0.000166161 1.7865
220.68 538.93 213.278 -34.7267 15 -0.00166476 1.83988
220.928 537.914 216.963 -34.7204 15 -0.00347912 1.89223
221.176 536.68 220.669 -34.7068 15 -0.00526629 1.94363
221.424 535.227 224.384 -34.6858 15 -0.0070159 1.99415
221.671 533.555 228.094 -34.6572 15 -0.00871769 2.04386
221.919 531.665 231.787 -34.6211 15 -0.0103614 2.09282
222.167 529.558 235.45 -34.5773 15 -0.0119367 2.14109
222.414 527.236 239.07 -34.5259 15 -0.0134333 2.18873
222.662 524.702 242.634 -34.4672 15 -0.0148404 2.23579
222.91 521.961 246.131 -34.4012 15 -0.016147 2.28231
223.158 519.015 249.547 -34.3284 15 -0.0173419 2.32833
223.405 515.871 252.872 -34.249 15 -0.0184132 2.3739
223.653 512.534 256.093 -34.1636 15 -0.0193486 2.41906
223.901 509.01 259.199 -34.0727 15 -0.0201354 2.46383
224.148 505.307 262.18 -33.977 15 -0.0207599 2.50825
224.396 501.432 265.025 -33.8772 15 -0.0212077 2.55235
224.644 497.393 267.725 -33.7741 15 -0.0214639 2.59616
224.892 493.2 270.269 -33.6688 15 -0.0215123 2.63971
225.139 488.862 272.65 -33.5624 15 -0.0214664 2.66142
225.385 488.862 272.65 -33.5624 15 -0.0214664 2.66142
225.63 484.5 274.922 -33.4568 15 -0.0214664 2.66142
225.831 484.5 274.922 -33.4568 15 -0.0214664 2.66142
226.033 480.918 276.788 -33.3701 15 -0.0214664 2.66142
226.234 477.335 278.654 -33.2834 15 -0.0214664 2.66142
226.435 473.753 280.519 -33.1966 15 -0.0214664 2.66142
226.637 470.17 282.385 -33.1099 15 -0.0214664 2.66142
226.838 466.588 284.251 -33.0232 15 -0.0214664 2.66142
227.039 463.006 286.117 -32.9365 15 -0.0214664 2.66142
227.241 459.423 287.983 -32.8498 15 -0.0214664 2.66142
227.442 455.841 289.849 -32.763 15 -0.0214101 2.67658
227.641 455.841 289.849 -32.763 15 -0.0214101 2.67658
227.839 452.272 291.639 -32.6775 15 -0.0213077 2.7068
228.038 448.631 293.33 -32.592 15 -0.0212138 2.73693
228.236 444.923 294.918 -32.5064 15 -0.0211171 2.76696
228.435 441.151 296.401 -32.4208 15 -0.0210076 2.79691
228.633 437.321 297.776 -32.3353 15 -0.0208766 2.82679
228.832 433.435 299.042 -32.25 15 -0.0207167 2.8566
229.03 429.5 300.194 -32.165 15 -0.0205214 2.88634
229.229 425.52 301.233 -32.0806 15 -0.0202858 2.91603
229.427 421.499 302.156 -31.9969 15 -0.0200058 2.94568
229.626 417.442 302.961 -31.9141 15 -0.0196783 2.97528
229.825 413.355 303.647 -31.8326 15 -0.0193015 3.00484
230.023 409.242 304.213 -31.7524 15 -0.0188744 3.03438
230.222 405.108 304.658 -31.6739 15 -0.0183973 3.06389
230.42 400.958 304.981 -31.5973 15 -0.0178711 3.09339
230.619 396.797 305.182 -31.5229 15 -0.0172981 3.12288
230.817 392.631 305.26 -31.4508 15 -0.0166814 3.15237
231.016 388.464 305.215 -31.3813 15 -0.0160252 3.18185
231.214 384.301 305.047 -31.3145 15 -0.0153348 3.21135
231.413 380.147 304.757 -31.2507 15 -0.0146162 3.24086
231.611 376.009 304.345 -31.1899 15 -0.0138771 3.27039
231.81 371.889 303.811 -31.1322 15 -0.0131257 3.29995
232.008 367.794 303.157 -31.0778 15 -0.0123718 3.32954
232.207 363.729 302.384 -31.0266 15 -0.0116261 3.35917
232.405 359.698 301.493 -30.9786 15 -0.0109009 3.38884
232.604 355.706 300.485 -30.9337 15 -0.0102093 3.41858
232.802 351.759 299.363 -30.8918 15 -0.00956633 3.44837
233.001 347.859 298.128 -30.8527 15 -0.00898806 3.47822
233.199 344.014 296.782 -30.816 15 -0.00849225 3.50815
233.398 340.226 295.328 -30.7816 15 -0.00809827 3.53816
233.596 336.5 293.768 -30.7489 15 -0.00782718 3.56826
233.795 332.841 292.104 -30.7174 15 -0.00770187 3.59846
233.993 329.252 290.34 -30.6866 15 -0.00769161 3.61365
234.218 329.252 290.34 -30.6866 15 -0.00769161 3.61365
234.442 325.238 288.291 -30.6519 15 -0.00769161 3.61365
234.666 321.224 286.242 -30.6173 15 -0.0076916 3.61365
234.806 321.224 286.242 -30.6173 15 -0.0076916 3.61365
234.946 318.724 284.965 -30.5957 15 -0.0076916 3.61365
235.085 316.224 283.689 -30.5741 15 -0.0076916 3.61365
235.225 313.724 282.412 -30.5525 15 -0.0076916 3.61365
235.365 311.224 281.136 -30.5309 15 -0.0076916 3.61365
235.505 308.724 279.859 -30.5093 15 -0.0076916 3.61365
235.644 306.224 278.583 -30.4877 15 -0.0076916 3.61365
235.784 303.723 277.306 -30.4661 15 -0.0076916 3.61365
235.924 301.223 276.03 -30.4445 15 -0.0076916 3.61365
236.063 298.723 274.753 -30.423 15 -0.0076916 3.61365
236.203 296.223 273.477 -30.4014 15 -0.0076916 3.61365
236.343 293.723 272.2 -30.3798 15 -0.0076916 3.61365
236.483 291.223 270.924 -30.3582 15 -0.0076916 3.61365
236.622 288.723 269.647 -30.3366 15 -0.0076916 3.61365
236.762 286.223 268.371 -30.315 15 -0.0076916 3.61365
236.902 283.722 267.094 -30.2934 15 -0.0076916 3.61365
237.041 281.222 265.818 -30.2718 15 -0.00767563 3.62323
237.262 281.222 265.818 -30.2718 15 -0.00767563 3.62323
237.484 277.293 263.764 -30.2378 15 -0.00753203 3.64241
237.705 273.419 261.644 -30.2045 15 -0.00723806 3.66164
237.926 269.6 259.457 -30.1727 15 -0.00681608 3.68092
238.147 265.84 257.206 -30.1428 15 -0.00628847 3.70025
238.368 262.139 254.893 -30.1153 15 -0.00567767 3.71963
238.589 258.499 252.518 -30.0907 15 -0.00500618 3.73907
238.81 254.921 250.084 -30.069 15 -0.00429664 3.75856
239.031 251.408 247.592 -30.0505 15 -0.00357182 3.77812
239.252 247.961 245.044 -30.0352 15 -0.00285469 3.79773
239.473 244.581 242.441 -30.023 15 -0.00216842 3.81742
239.694 241.269 239.786 -30.0138 15 -0.00153643 3.83717
239.915 238.027 237.08 -30.0073 15 -0.000982429 3.85699
240.136 234.857 234.325 -30.0032 15 -0.000530449 3.87689
240.357 231.759 231.523 -30.001 15 -0.000204879 3.89686
240.578 228.734 228.675 -30.0001 15 -3.05053e-005 3.91692
240.799 225.785 225.785 -30 15 -0 3.92699
240.859 225.785 225.785 -30 15 -0 3.92699
240.918 225 225 -30 15 -0 3.92699
241.016 225 225 -30 15 -0 3.92699
241.115 223.707 223.707 -30 15 0.000362371 3.92212
241.332 223.707 223.707 -30 15 0.000362371 3.92212
241.55 220.819 220.847 -30.0015 15 0.00244479 3.91238
241.768 217.895 218.007 -30.0114 15 0.00635872 3.90267
241.986 214.934 215.187 -30.0374 15 0.011829 3.89298
242.204 211.939 212.389 -30.0859 15 0.0185783 3.8833
242.422 208.908 209.612 -30.1623 15 0.0263266 3.87364
242.64 205.843 206.857 -30.2708 15 0.0347915 3.864
242.858 202.742 204.125 -30.4147 15 0.0436883 3.85438
243.075 199.608 201.415 -30.5958 15 0.0527306 3.84478
243.293 196.439 198.729 -30.8151 15 0.0616305 3.83519
243.511 193.236 196.066 -31.0721 15 0.0700989 3.82562
243.729 190 193.428 -31.3652 15 0.0778461 3.81606
243.947 186.731 190.814 -31.6917 15 0.0845817 3.80652
244.165 183.429 188.225 -32.0475 15 0.0900143 3.797
244.383 180.095 185.662 -32.4271 15 0.0938509 3.78749
244.601 176.728 183.124 -32.8239 15 0.0957959 3.778
244.819 173.329 180.612 -33.23 15 0.0966259 3.77183
245.02 173.329 180.612 -33.23 15 0.0966259 3.77183
245.221 170.188 178.321 -33.6068 15 0.0966259 3.77183
245.423 167.048 176.03 -33.9837 15 0.0966259 3.77183
245.624 163.907 173.739 -34.3605 15 0.0966259 3.77183
245.826 160.766 171.448 -34.7373 15 0.0966259 3.77183
246.027 157.625 169.157 -35.1141 15 0.0966259 3.77183
246.228 154.484 166.865 -35.491 15 0.0966259 3.77183
246.43 151.343 164.574 -35.8678 15 0.0966259 3.77183
246.631 148.202 162.283 -36.2446 15 0.0966259 3.77183
246.832 145.062 159.992 -36.6215 15 0.0966259 3.77183
247.034 141.921 157.701 -36.9983 15 0.0966259 3.77183
247.235 138.78 155.41 -37.3751 15 0.0966259 3.77183
247.437 135.639 153.118 -37.7519 15 0.0966259 3.77183
247.638 132.498 150.827 -38.1288 15 0.0966259 3.77183
247.839 129.357 148.536 -38.5056 15 0.0966259 3.77183
248.041 126.216 146.245 -38.8824 15 0.0966259 3.77183
248.242 123.076 143.954 -39.2593 15 0.096626 3.77183
248.325 123.076 143.954 -39.2593 15 0.096626 3.77183
248.407 121.79 143.016 -39.4135 15 0.0964654 3.76568
248.546 121.79 143.016 -39.4135 15 0.0964654 3.76568
248.686 119.605 141.443 -39.674 15 0.0960764 3.7534
248.825 117.395 139.892 -39.9342 15 0.0955879 3.74115
248.964 115.159 138.364 -40.1939 15 0.0950009 3.72892
249.103 112.899 136.859 -40.4527 15 0.0943161 3.71671
249.243 110.613 135.378 -40.7103 15 0.0935347 3.70452
249.382 108.304 133.92 -40.9664 15 0.0926578 3.69236
249.521 105.971 132.488 -41.2208 15 0.0916867 3.68021
249.66 103.615 131.08 -41.4732 15 0.0906228 3.66809
249.8 101.235 129.697 -41.7233 15 0.0894677 3.65598
249.939 98.8337 128.339 -41.9708 15 0.0882229 3.6439
250.078 96.4098 127.008 -42.2154 15 0.0868903 3.63183
250.217 93.9643 125.703 -42.4569 15 0.0854718 3.61978
250.357 91.4976 124.424 -42.6949 15 0.0839693 3.60775
250.496 89.0101 123.173 -42.9293 15 0.082385 3.59573
250.635 86.5022 121.948 -43.1597 15 0.0807211 3.58374
250.775 83.9745 120.752 -43.386 15 0.07898 3.57175
250.914 81.4273 119.583 -43.6078 15 0.0771643 3.55979
251.053 78.8612 118.443 -43.8249 15 0.0752764 3.54783
251.192 76.2766 117.331 -44.0371 15 0.0733192 3.53589
251.332 73.6739 116.248 -44.2441 15 0.0712955 3.52397
251.471 71.0538 115.194 -44.4458 15 0.0692083 3.51206
251.61 68.4165 114.17 -44.642 15 0.0670607 3.50016
251.749 65.7626 113.175 -44.8323 15 0.0648559 3.48828
251.889 63.0927 112.211 -45.0167 15 0.0625973 3.4764
252.028 60.4072 111.276 -45.1949 15 0.0602884 3.46454
252.167 57.7065 110.373 -45.3668 15 0.0579328 3.45269
252.306 54.9913 109.5 -45.5322 15 0.0555342 3.44085
252.446 52.262 108.657 -45.691 15 0.0530966 3.42902
252.585 49.5191 107.847 -45.843 15 0.0506239 3.4172
252.724 46.7631 107.067 -45.9881 15 0.0481203 3.40539
252.863 43.9947 106.319 -46.1262 15 0.0455901 3.39359
253.003 41.2141 105.604 -46.2572 15 0.0430377 3.3818
253.142 38.4221 104.92 -46.381 15 0.0404677 3.37001
253.281 35.6191 104.268 -46.4975 15 0.0378848 3.35824
253.42 32.8057 103.649 -46.6067 15 0.0352937 3.34647
253.56 29.9824 103.062 -46.7085 15 0.0326995 3.3347
253.699 27.1497 102.508 -46.8029 15 0.0301074 3.32295
253.838 24.3082 101.987 -46.8899 15 0.0275225 3.3112
253.977 21.4584 101.499 -46.9695 15 0.0249504 3.29945
254.117 18.6008 101.044 -47.0417 15 0.0223965 3.28771
254.256 15.7361 100.623 -47.1066 15 0.0198666 3.27598
254.395 12.8647 100.234 -47.1642 15 0.0173667 3.26425
254.534 9.98718 99.8798 -47.2145 15 0.0149026 3.25252
254.674 7.10413 99.5586 -47.2578 15 0.0124806 3.2408
254.813 4.21607 99.2712 -47.294 15 0.0101071 3.22908
254.952 1.32357 99.0175 -47.3233 15 0.00778862 3.21737
255.092 -1.57281 98.7976 -47.346 15 0.00553174 3.20565
255.231 -4.47254 98.6116 -47.362 15 0.00334335 3.19394
255.37 -7.37504 98.4595 -47.3718 15 0.00123047 3.18223
255.509 -10.2798 98.3414 -47.3753 15 -0.000799706 3.17052
255.649 -13.1861 98.2573 -47.373 15 -0.00273981 3.15881
255.788 -16.0936 98.2072 -47.365 15 -0.00458228 3.14711
255.927 -19.0016 98.1912 -47.3517 15 -0.00631938 3.1354
256.066 -21.9096 98.2092 -47.3333 15 -0.00794318 3.12369
256.206 -24.8171 98.2612 -47.3102 15 -0.00944556 3.11199
256.345 -27.7234 98.3473 -47.2828 15 -0.0108182 3.10028
256.484 -30.628 98.4674 -47.2513 15 -0.0120525 3.08857
256.623 -33.5303 98.6214 -47.2163 15 -0.0131398 3.07686
256.763 -36.4299 98.8094 -47.1781 15 -0.0140712 3.06514
256.902 -39.3261 99.0312 -47.1372 15 -0.0148373 3.05343
257.041 -42.2183 99.2869 -47.0942 15 -0.0154289 3.04171
257.18 -45.1061 99.5763 -47.0494 15 -0.0158362 3.02999
257.32 -47.9888 99.8993 -47.0034 15 -0.0160495 3.01826
257.459 -50.866 100.256 -46.9569 15 -0.0160017 3.01211
257.59 -50.866 100.256 -46.9569 15 -0.0160017 3.01211
257.72 -53.5796 100.609 -46.9131 15 -0.0160017 3.01211
257.851 -56.2931 100.963 -46.8693 15 -0.0160017 3.01211
257.982 -59.0067 101.316 -46.8255 15 -0.0160017 3.01211
258.113 -61.7203 101.669 -46.7817 15 -0.0160017 3.01211
258.244 -64.4338 102.023 -46.7379 15 -0.0160017 3.01211
258.374 -67.1474 102.376 -46.6941 15 -0.0160017 3.01211
258.505 -69.861 102.729 -46.6504 15 -0.0160017 3.01211
258.636 -72.5745 103.083 -46.6066 15 -0.0160017 3.01211
258.767 -75.2881 103.436 -46.5628 15 -0.0160017 3.01211
258.897 -78.0016 103.789 -46.519 15 -0.0160017 3.01211
259.028 -80.7152 104.143 -46.4752 15 -0.0160017 3.01211
259.159 -83.4288 104.496 -46.4314 15 -0.0160017 3.01211
259.29 -86.1423 104.849 -46.3876 15 -0.0160017 3.01211
259.42 -88.8559 105.203 -46.3438 15 -0.0160017 3.01211
259.551 -91.5694 105.556 -46.3 15 -0.0160017 3.01211
259.682 -94.283 105.909 -46.2562 15 -0.0160017 3.01211
259.813 -96.9966 106.263 -46.2124 15 -0.0160017 3.01211
259.944 -99.7101 106.616 -46.1686 15 -0.0160017 3.01211
260.074 -102.424 106.969 -46.1248 15 -0.0160017 3.01211
260.205 -105.137 107.323 -46.0811 15 -0.0160017 3.01211
260.336 -107.851 107.676 -46.0373 15 -0.0160017 3.01211
260.467 -110.564 108.029 -45.9935 15 -0.0160017 3.01211
260.597 -113.278 108.383 -45.9497 15 -0.0160017 3.01211
260.728 -115.992 108.736 -45.9059 15 -0.0160017 3.01211
260.859 -118.705 109.089 -45.8621 15 -0.0160017 3.01211
260.99 -121.419 109.443 -45.8183 15 -0.0160017 3.01211
261.12 -124.132 109.796 -45.7745 15 -0.0160017 3.01211
261.251 -126.846 110.149 -45.7307 15 -0.0160017 3.01211
261.382 -129.559 110.503 -45.6869 15 -0.0160017 3.01211
261.513 -132.273 110.856 -45.6431 15 -0.0160017 3.01211
261.644 -134.986 111.209 -45.5993 15 -0.0160017 3.01211
261.774 -137.7 111.563 -45.5556 15 -0.0160017 3.01211
261.991 -137.7 111.563 -45.5556 15 -0.0160017 3.01211
262.207 -142.188 112.147 -45.4831 15 -0.0160017 3.01211
262.423 -146.677 112.731 -45.4107 15 -0.0160017 3.01211
262.639 -151.165 113.316 -45.3383 15 -0.0160017 3.01211
262.856 -155.653 113.9 -45.2658 15 -0.0160145 2.99924
263.029 -155.653 113.9 -45.2658 15 -0.0160145 2.99924
263.202 -159.234 114.413 -45.2079 15 -0.0160457 2.97347
263.375 -162.795 115.018 -45.1499 15 -0.0160847 2.94767
263.548 -166.333 115.713 -45.0919 15 -0.0161295 2.92184
263.721 -169.844 116.497 -45.0339 15 -0.0161781 2.89598
263.894 -173.325 117.369 -44.9758 15 -0.0162286 2.87007
264.067 -176.773 118.329 -44.9177 15 -0.0162792 2.84412
264.24 -180.185 119.375 -44.8596 15 -0.0163282 2.81812
264.413 -183.558 120.506 -44.8015 15 -0.0163738 2.79207
264.586 -186.889 121.72 -44.7435 15 -0.0164146 2.76596
264.759 -190.175 123.016 -44.6855 15 -0.0164489 2.73979
264.932 -193.412 124.392 -44.6276 15 -0.0164753 2.71355
265.105 -196.599 125.846 -44.5699 15 -0.0164924 2.68723
265.278 -199.732 127.376 -44.5124 15 -0.0164989 2.66084
265.451 -202.809 128.981 -44.4552 15 -0.0164935 2.63436
265.624 -205.826 130.658 -44.3982 15 -0.016475 2.60779
265.797 -208.782 132.405 -44.3416 15 -0.0164421 2.58113
265.97 -211.674 134.219 -44.2855 15 -0.0163939 2.55436
266.143 -214.499 136.1 -44.2299 15 -0.0163291 2.52749
266.316 -217.256 138.043 -44.1748 15 -0.0162469 2.50051
266.489 -219.941 140.047 -44.1203 15 -0.0161463 2.4734
266.662 -222.554 142.109 -44.0666 15 -0.0160264 2.44616
266.835 -225.091 144.227 -44.0136 15 -0.0158863 2.4188
267.008 -227.551 146.397 -43.9615 15 -0.0157253 2.39128
267.181 -229.932 148.616 -43.9103 15 -0.0155426 2.36362
267.354 -232.233 150.883 -43.8601 15 -0.0153375 2.3358
267.527 -234.451 153.193 -43.811 15 -0.0151095 2.30781
267.7 -236.585 155.545 -43.763 15 -0.0148579 2.27965
267.873 -238.634 157.934 -43.7162 15 -0.0145823 2.2513
268.046 -240.596 160.358 -43.6708 15 -0.0142823 2.22276
268.219 -242.471 162.814 -43.6266 15 -0.0139576 2.19401
268.392 -244.256 165.298 -43.5839 15 -0.0136077 2.16505
268.565 -245.952 167.808 -43.5427 15 -0.0132327 2.13586
268.738 -247.557 170.339 -43.503 15 -0.0128322 2.10643
268.911 -249.071 172.89 -43.465 15 -0.0124065 2.07676
269.084 -250.492 175.455 -43.4286 15 -0.0119554 2.04681
269.257 -251.822 178.033 -43.3939 15 -0.0114794 2.0166
269.43 -253.058 180.62 -43.361 15 -0.0109785 1.98609
269.603 -254.201 183.212 -43.3299 15 -0.0104534 1.95527
269.776 -255.25 185.807 -43.3006 15 -0.00990467 1.92414
269.949 -256.207 188.4 -43.2733 15 -0.00933297 1.89266
270.122 -257.07 190.988 -43.2478 15 -0.00873927 1.86084
270.295 -257.84 193.568 -43.2243 15 -0.00812469 1.82863
270.468 -258.518 196.138 -43.2027 15 -0.00749055 1.79604
270.641 -259.103 198.692 -43.183 15 -0.0068384 1.76304
270.814 -259.597 201.229 -43.1654 15 -0.00617002 1.7296
271.16 -259.999 203.744 -43.1497 15 -0.00514368 1.67866
271.506 -260.536 208.698 -43.124 15 -0.00373837 1.60892
271.852 -260.72 213.529 -43.106 15 -0.00231612 1.53703
272.198 -260.562 218.211 -43.0951 15 -0.000908074 1.46278
272.544 -260.073 222.72 -43.091 15 0.000446822 1.38594
272.89 -259.267 227.033 -43.0929 15 0.00170044 1.30628
273.236 -258.157 231.128 -43.1002 15 0.00279409 1.22354
273.582 -256.762 234.983 -43.1116 15 0.00365716 1.13748
273.928 -255.099 238.579 -43.1261 15 0.00420606 1.04789
274.274 -253.186 241.897 -43.1422 15 0.00434964 1.00148
274.526 -253.186 241.897 -43.1422 15 0.00434964 1.00148
274.779 -251.706 244.21 -43.1542 15 0.00434964 1.00148
275.031 -250.225 246.523 -43.1661 15 0.00434964 1.00148
275.283 -248.745 248.836 -43.178 15 0.00434964 1.00148
275.535 -247.265 251.149 -43.19 15 0.00434964 1.00148
275.788 -245.784 253.462 -43.2019 15 0.00434964 1.00148
276.04 -244.304 255.775 -43.2139 15 0.00434964 1.00148
276.292 -242.824 258.088 -43.2258 15 0.00434964 1.00148
276.544 -241.343 260.401 -43.2378 15 0.00434964 1.00148
276.796 -239.863 262.714 -43.2497 15 0.00434964 1.00148
277.049 -238.382 265.028 -43.2617 15 0.00434964 1.00148
277.301 -236.902 267.341 -43.2736 15 0.00434964 1.00148
277.553 -235.422 269.654 -43.2856 15 0.00434964 1.00148
277.805 -233.941 271.967 -43.2975 15 0.00434964 1.00148
278.057 -232.461 274.28 -43.3094 15 0.00434964 1.00148
278.31 -230.98 276.593 -43.3214 15 0.00434964 1.00148
278.562 -229.5 278.906 -43.3333 15 0.00434964 1.00148
278.966 -229.5 278.906 -43.3333 15 0.00434964 1.00148
279.369 -227.13 282.609 -43.3525 15 0.00434964 1.00148
279.773 -224.76 286.312 -43.3716 15 0.00434964 1.00148
280.177 -222.39 290.015 -43.3907 15 0.00434964 1.00148
280.581 -220.02 293.718 -43.4098 15 0.00434964 1.00148
280.985 -217.65 297.422 -43.4289 15 0.00434964 1.00148
281.388 -215.28 301.125 -43.4481 15 0.00434964 1.00148
281.792 -212.91 304.828 -43.4672 15 0.00434964 1.00148
282.196 -210.54 308.531 -43.4863 15 0.00434964 1.00148
282.6 -208.17 312.234 -43.5054 15 0.00434964 1.00148
283.003 -205.8 315.937 -43.5246 15 0.00434964 1.00148
283.407 -203.431 319.64 -43.5437 15 0.00434964 1.00148
283.811 -201.061 323.343 -43.5628 15 0.00434964 1.00148
284.215 -198.691 327.046 -43.5819 15 0.00434964 1.00148
284.618 -196.321 330.749 -43.6011 15 0.00434964 1.00148
285.022 -193.951 334.452 -43.6202 15 0.00434964 1.00148
285.426 -191.581 338.155 -43.6393 15 0.00434987 0.991871
285.681 -191.581 338.155 -43.6393 15 0.00434987 0.991871
285.937 -190.065 340.474 -43.6514 15 0.00429219 0.972515
286.192 -188.515 342.748 -43.6632 15 0.00414987 0.952996
286.447 -186.932 344.976 -43.6745 15 0.00392616 0.933312
286.703 -185.316 347.157 -43.6852 15 0.00362434 0.913462
286.958 -183.668 349.292 -43.6949 15 0.00324771 0.893445
287.213 -181.99 351.38 -43.7036 15 0.00279962 0.87326
287.469 -180.28 353.419 -43.7111 15 0.00228343 0.852907
287.724 -178.541 355.411 -43.7171 15 0.00170254 0.832387
287.979 -176.772 357.354 -43.7216 15 0.00106038 0.811697
288.235 -174.976 359.248 -43.7244 15 0.000360407 0.790839
288.49 -173.151 361.092 -43.7253 15 -0.000393897 0.769813
288.745 -171.3 362.887 -43.7243 15 -0.00119902 0.748619
289 -169.422 364.631 -43.7212 15 -0.00205143 0.727258
289.256 -167.519 366.325 -43.716 15 -0.00294757 0.705731
289.511 -165.591 367.967 -43.7085 15 -0.00388386 0.684038
290.022 -163.64 369.559 -43.6987 15 -0.00535855 0.651204
290.532 -159.668 372.586 -43.672 15 -0.00742716 0.606849
291.043 -155.609 375.403 -43.6353 15 -0.00959145 0.56187
291.554 -151.471 378.009 -43.5884 15 -0.0118226 0.516288
292.064 -147.258 380.4 -43.5311 15 -0.0140919 0.470133
292.575 -142.978 382.575 -43.4635 15 -0.0163713 0.423437
293.086 -138.636 384.532 -43.3855 15 -0.0186335 0.376237
293.596 -134.24 386.268 -43.2974 15 -0.0208521 0.328579
294.107 -129.796 387.783 -43.1995 15 -0.0230021 0.280508
294.618 -125.311 389.076 -43.0921 15 -0.0250602 0.232078
295.128 -120.79 390.144 -42.9757 15 -0.0270049 0.183344
295.639 -116.241 390.988 -42.8507 15 -0.0288172 0.134368
296.15 -111.671 391.606 -42.7177 15 -0.0304802 0.0852107
296.66 -107.085 391.997 -42.5774 15 -0.0319803 0.0359383
297.171 -102.491 392.162 -42.4304 15 -0.0333065 6.2698
297.681 -97.8961 392.101 -42.2772 15 -0.034451 6.2205
298.192 -93.306 391.813 -42.1187 15 -0.0354094 6.17128
298.703 -88.7278 391.298 -41.9555 15 -0.0361804 6.12221
299.213 -84.1682 390.558 -41.7883 15 -0.0367661 6.07336
299.724 -79.6338 389.592 -41.6178 15 -0.0371716 6.02479
300.235 -75.1313 388.402 -41.4446 15 -0.0374053 5.97654
300.745 -70.6673 386.989 -41.2694 15 -0.0374783 5.92869
301.256 -66.2485 385.353 -41.0927 15 -0.0374045 5.88128
301.767 -61.8813 383.497 -40.9151 15 -0.0372003 5.83434
302.277 -57.5723 381.422 -40.7371 15 -0.0370714 5.81101
302.609 -57.5723 381.422 -40.7371 15 -0.0370714 5.81101
302.94 -54.7958 380.004 -40.6215 15 -0.0370714 5.81101
303.272 -52.0193 378.586 -40.5059 15 -0.0370714 5.81101
303.604 -49.2428 377.168 -40.3903 15 -0.0370714 5.81101
303.935 -46.4663 375.75 -40.2746 15 -0.0370714 5.81101
304.267 -43.6898 374.332 -40.159 15 -0.0370714 5.81101
304.598 -40.9133 372.914 -40.0434 15 -0.0370714 5.81101
304.93 -38.1368 371.496 -39.9277 15 -0.0370714 5.81101
305.262 -35.3603 370.078 -39.8121 15 -0.0370714 5.81101
305.593 -32.5838 368.66 -39.6965 15 -0.0370714 5.81101
305.925 -29.8073 367.242 -39.5809 15 -0.0370714 5.81101
306.256 -27.0308 365.824 -39.4652 15 -0.0370714 5.81101
306.588 -24.2543 364.406 -39.3496 15 -0.0370714 5.81101
306.92 -21.4778 362.988 -39.234 15 -0.0370714 5.81101
307.251 -18.7013 361.57 -39.1183 15 -0.0370714 5.81101
307.583 -15.9248 360.152 -39.0027 15 -0.0370714 5.81101
307.914 -13.1483 358.734 -38.8871 15 -0.0370714 5.81101
308.246 -10.3718 357.316 -38.7715 15 -0.0370714 5.81101
308.578 -7.59535 355.898 -38.6558 15 -0.0370714 5.81101
308.909 -4.81885 354.48 -38.5402 15 -0.0370714 5.81101
309.241 -2.04235 353.062 -38.4246 15 -0.0370714 5.81101
309.572 0.734145 351.644 -38.3089 15 -0.0370714 5.81101
309.904 3.51064 350.226 -38.1933 15 -0.0370714 5.81101
310.235 6.28714 348.808 -38.0777 15 -0.0370714 5.81101
310.567 9.06364 347.39 -37.9621 15 -0.0370714 5.81101
310.899 11.8401 345.972 -37.8464 15 -0.0370714 5.81101
311.23 14.6166 344.554 -37.7308 15 -0.0370714 5.81101
311.562 17.3931 343.136 -37.6152 15 -0.0370714 5.81101
311.893 20.1696 341.718 -37.4995 15 -0.0370714 5.81101
312.225 22.9461 340.3 -37.3839 15 -0.0370714 5.81101
312.557 25.7226 338.882 -37.2683 15 -0.0370714 5.81101
312.888 28.4991 337.464 -37.1527 15 -0.0370714 5.81101
313.22 31.2756 336.046 -37.037 15 -0.0370714 5.81101
313.506 31.2756 336.046 -37.037 15 -0.0370714 5.81101
313.793 33.6761 334.82 -36.9371 15 -0.0370714 5.81101
314.08 36.0766 333.594 -36.8371 15 -0.0370714 5.81101
314.367 38.4771 332.368 -36.7371 15 -0.0370714 5.81101
314.653 40.8776 331.142 -36.6372 15 -0.0370714 5.81101
314.94 43.2781 329.916 -36.5372 15 -0.0370714 5.81101
315.227 45.6786 328.69 -36.4372 15 -0.0370714 5.81101
315.513 48.0791 327.465 -36.3373 15 -0.0370714 5.81101
315.8 50.4796 326.239 -36.2373 15 -0.0370714 5.81101
316.087 52.8801 325.013 -36.1373 15 -0.0370714 5.81101
316.373 55.2806 323.787 -36.0373 15 -0.0370714 5.81101
316.66 57.6811 322.561 -35.9374 15 -0.0370714 5.81101
316.947 60.0816 321.335 -35.8374 15 -0.0370714 5.81101
317.233 62.4821 320.109 -35.7374 15 -0.0370714 5.81101
317.52 64.8826 318.883 -35.6375 15 -0.0370714 5.81101
317.807 67.2831 317.657 -35.5375 15 -0.0370714 5.81101
318.093 69.6836 316.431 -35.4375 15 -0.0370714 5.81101
318.38 72.0841 315.205 -35.3376 15 -0.0370714 5.81101
318.667 74.4846 313.979 -35.2376 15 -0.0370714 5.81101
318.953 76.8851 312.753 -35.1376 15 -0.0370714 5.81101
319.24 79.2856 311.527 -35.0376 15 -0.0370714 5.81101
319.527 81.6861 310.301 -34.9377 15 -0.0370714 5.81101
319.814 84.0866 309.075 -34.8377 15 -0.0370714 5.81101
320.1 86.4871 307.849 -34.7377 15 -0.0370714 5.81101
320.387 88.8876 306.623 -34.6378 15 -0.0370714 5.81101
320.674 91.2881 305.397 -34.5378 15 -0.0370714 5.81101
320.96 93.6886 304.171 -34.4378 15 -0.0370714 5.81101
321.247 96.0891 302.945 -34.3379 15 -0.0370714 5.81101
321.534 98.4896 301.719 -34.2379 15 -0.0370714 5.81101
321.82 100.89 300.493 -34.1379 15 -0.0370714 5.81101
322.107 103.291 299.268 -34.038 15 -0.0370714 5.81101
322.394 105.691 298.042 -33.938 15 -0.0370714 5.81101
322.68 108.092 296.816 -33.838 15 -0.0370714 5.81101
322.967 110.492 295.59 -33.738 15 -0.0370714 5.81101
323.254 112.893 294.364 -33.6381 15 -0.0370714 5.81101
323.54 115.293 293.138 -33.5381 15 -0.0370714 5.81101
323.827 117.694 291.912 -33.4381 15 -0.0370714 5.81101
324.114 120.094 290.686 -33.3382 15 -0.0370714 5.81101
324.4 122.495 289.46 -33.2382 15 -0.0370714 5.81101
324.687 124.895 288.234 -33.1382 15 -0.0370714 5.81101
324.974 127.296 287.008 -33.0383 15 -0.0370714 5.81101
325.261 129.696 285.782 -32.9383 15 -0.0370714 5.81101
325.547 132.097 284.556 -32.8383 15 -0.0370714 5.81101
325.834 134.497 283.33 -32.7384 15 -0.0370714 5.81101
326.121 136.898 282.104 -32.6384 15 -0.0370714 5.81101
326.407 139.298 280.878 -32.5384 15 -0.0370714 5.81101
326.694 141.699 279.652 -32.4384 15 -0.0370714 5.81101
326.981 144.099 278.426 -32.3385 15 -0.0370714 5.81101
327.267 146.5 277.2 -32.2385 15 -0.0370714 5.81101
327.554 148.9 275.974 -32.1385 15 -0.0370714 5.81101
327.841 151.301 274.748 -32.0386 15 -0.0370714 5.81101
328.127 153.701 273.522 -31.9386 15 -0.0370714 5.81101
328.414 156.102 272.296 -31.8386 15 -0.0370714 5.81101
328.701 158.502 271.07 -31.7387 15 -0.0370714 5.81101
328.987 160.903 269.845 -31.6387 15 -0.0370714 5.81101
329.274 163.303 268.619 -31.5387 15 -0.0370714 5.81101
329.561 165.704 267.393 -31.4388 15 -0.0370714 5.81101
329.848 168.104 266.167 -31.3388 15 -0.0370714 5.81101
330.134 170.505 264.941 -31.2388 15 -0.0370714 5.81101
330.421 172.905 263.715 -31.1388 15 -0.0370714 5.81101
330.708 175.306 262.489 -31.0389 15 -0.0370714 5.81101
330.994 177.706 261.263 -30.9389 15 -0.0370714 5.81101
331.281 180.107 260.037 -30.8389 15 -0.0370714 5.81101
331.568 182.507 258.811 -30.739 15 -0.0370714 5.81101
331.854 184.908 257.585 -30.639 15 -0.0364228 5.79052
332.306 184.908 257.585 -30.639 15 -0.0364228 5.79052
332.758 188.664 255.568 -30.4836 15 -0.0333436 5.74989
333.21 192.366 253.383 -30.3402 15 -0.028195 5.70973
333.661 196.009 251.03 -30.2179 15 -0.0217923 5.67003
334.113 199.587 248.512 -30.1226 15 -0.0149708 5.63083
334.565 203.098 245.831 -30.0564 15 -0.00858079 5.59214
335.017 206.536 242.987 -30.0181 15 -0.00348178 5.55396
335.469 209.898 239.983 -30.0024 15 -0.000537621 5.5163
335.92 213.179 236.821 -30 15 -0 5.49779
336.332 213.179 236.821 -30 15 -0 5.49779
336.744 216.134 233.866 -30 15 -0 5.49779
337.156 219.089 230.911 -30 15 -0 5.49779
337.568 222.045 227.955 -30 15 -0 5.49779
337.98 225 225 -30 15 -0 5.49779
338.338 225 225 -30 15 -0 5.49779
338.696 227.568 222.432 -30 15 0.000162589 5.44698
339 227.568 222.432 -30 15 0.000162589 5.44698
339.303 229.663 220.112 -30.0005 15 0.00104428 5.34855
339.607 231.581 217.516 -30.0039 15 0.00257609 5.25407
339.91 233.302 214.656 -30.0125 15 0.00453929 5.16339
340.214 234.807 211.549 -30.0281 15 0.00674989 5.07633
340.517 236.079 208.209 -30.0523 15 0.00905696 4.99265
340.821 237.102 204.655 -30.0858 15 0.0113395 4.91212
341.124 237.861 200.905 -30.1292 15 0.0135028 4.83448
341.428 238.343 196.979 -30.1826 15 0.0154743 4.75949
341.732 238.535 192.896 -30.2458 15 0.0172004 4.68692
342.035 238.428 188.679 -30.3184 15 0.0186429 4.61655
342.339 238.011 184.349 -30.3995 15 0.0197763 4.54819
342.642 237.279 179.93 -30.4881 15 0.0205856 4.48164
342.946 236.225 175.443 -30.583 15 0.0210642 4.41673
343.249 234.845 170.912 -30.6828 15 0.0212126 4.35332
343.553 233.137 166.361 -30.7859 15 0.0210371 4.29125
343.856 231.1 161.815 -30.8907 15 0.0208463 4.26067
344.008 231.1 161.815 -30.8907 15 0.0208463 4.26067
344.16 229.998 159.543 -30.9434 15 0.0208463 4.26067
344.312 228.896 157.272 -30.996 15 0.0208463 4.26067
344.464 227.794 155.001 -31.0486 15 0.0208463 4.26067
344.616 226.692 152.73 -31.1013 15 0.0208463 4.26067
344.768 225.59 150.458 -31.1539 15 0.0208463 4.26067
344.92 224.488 148.187 -31.2065 15 0.0208463 4.26067
345.072 223.386 145.916 -31.2592 15 0.0208463 4.26067
345.224 222.284 143.644 -31.3118 15 0.0208463 4.26067
345.376 221.182 141.373 -31.3644 15 0.0208463 4.26067
345.528 220.08 139.102 -31.4171 15 0.0208463 4.26067
345.68 218.979 136.831 -31.4697 15 0.0208463 4.26067
345.832 217.877 134.559 -31.5223 15 0.0208463 4.26067
345.984 216.775 132.288 -31.575 15 0.0208463 4.26067
346.136 215.673 130.017 -31.6276 15 0.0208463 4.26067
346.288 214.571 127.746 -31.6802 15 0.0208463 4.26067
346.44 213.469 125.474 -31.7329 15 0.0208463 4.26067
346.592 212.367 123.203 -31.7855 15 0.0208463 4.26067
346.744 211.265 120.932 -31.8381 15 0.0208463 4.26067
346.896 210.163 118.661 -31.8908 15 0.0208463 4.26067
347.048 209.061 116.389 -31.9434 15 0.0208463 4.26067
347.2 207.959 114.118 -31.996 15 0.0208463 4.26067
347.352 206.857 111.847 -32.0487 15 0.0208463 4.26067
347.504 205.755 109.576 -32.1013 15 0.0208463 4.26067
347.656 204.653 107.304 -32.1539 15 0.0208463 4.26067
347.808 203.551 105.033 -32.2066 15 0.0208463 4.26067
347.96 202.449 102.762 -32.2592 15 0.0208463 4.26067
348.112 201.347 100.49 -32.3118 15 0.0208463 4.26067
348.264 200.245 98.2192 -32.3645 15 0.0208463 4.26067
348.416 199.143 95.948 -32.4171 15 0.0208463 4.26067
348.568 198.041 93.6767 -32.4697 15 0.0208463 4.26067
348.72 196.939 91.4054 -32.5224 15 0.0208463 4.26067
348.872 195.837 89.1342 -32.575 15 0.0208463 4.26067
349.024 194.735 86.8629 -32.6276 15 0.0208463 4.26067
349.176 193.633 84.5917 -32.6803 15 0.0208463 4.26067
349.328 192.531 82.3204 -32.7329 15 0.0208463 4.26067
349.48 191.429 80.0491 -32.7855 15 0.0208463 4.26067
349.632 190.327 77.7779 -32.8382 15 0.0208463 4.26067
349.784 189.225 75.5066 -32.8908 15 0.0208463 4.26067
349.936 188.123 73.2353 -32.9434 15 0.0208463 4.26067
350.088 187.022 70.9641 -32.9961 15 0.0208463 4.26067
350.24 185.92 68.6928 -33.0487 15 0.0208463 4.26067
350.392 184.818 66.4215 -33.1013 15 0.0208463 4.26067
350.544 183.716 64.1503 -33.154 15 0.0208463 4.26067
350.696 182.614 61.879 -33.2066 15 0.0208463 4.26067
350.848 181.512 59.6078 -33.2592 15 0.0208463 4.26067
351 180.41 57.3365 -33.3119 15 0.0208463 4.26067
351.152 179.308 55.0652 -33.3645 15 0.0208463 4.26067
351.304 178.206 52.794 -33.4171 15 0.0208463 4.26067
351.456 177.104 50.5227 -33.4698 15 0.0208463 4.26067
351.608 176.002 48.2514 -33.5224 15 0.0208463 4.26067
351.76 174.9 45.9802 -33.575 15 0.0208463 4.26067
351.912 173.798 43.7089 -33.6277 15 0.0208463 4.26067
352.064 172.696 41.4377 -33.6803 15 0.0208463 4.26067
352.216 171.594 39.1664 -33.7329 15 0.0208463 4.26067
352.368 170.492 36.8951 -33.7856 15 0.0208463 4.26067
352.52 169.39 34.6239 -33.8382 15 0.0208463 4.26067
352.671 168.288 32.3526 -33.8908 15 0.0208463 4.26067
352.823 167.186 30.0813 -33.9435 15 0.0208463 4.26067
352.975 166.084 27.8101 -33.9961 15 0.0208463 4.26067
353.127 164.982 25.5388 -34.0487 15 0.0208463 4.26067
353.279 163.88 23.2675 -34.1014 15 0.0208463 4.26067
353.431 162.778 20.9963 -34.154 15 0.0208463 4.26067
353.583 161.676 18.725 -34.2066 15 0.0208463 4.26067
353.735 160.574 16.4538 -34.2593 15 0.0208463 4.26067
353.959 160.574 16.4538 -34.2593 15 0.0208463 4.26067
354.183 158.951 13.1085 -34.3368 15 0.0208463 4.26067
354.407 157.328 9.76325 -34.4143 15 0.0208463 4.26067
354.631 155.705 6.418 -34.4918 15 0.0208463 4.26067
354.855 154.082 3.07275 -34.5693 15 0.0208463 4.26067
355.079 152.459 -0.272499 -34.6469 15 0.0208463 4.26067
355.302 150.836 -3.61775 -34.7244 15 0.0208463 4.26067
355.526 149.213 -6.963 -34.8019 15 0.0208463 4.26067
355.75 147.59 -10.3083 -34.8794 15 0.0208463 4.26067
355.974 145.967 -13.6535 -34.957 15 0.0208463 4.26067
356.198 144.344 -16.9988 -35.0345 15 0.0208463 4.26067
356.422 142.721 -20.344 -35.112 15 0.0208463 4.26067
356.646 141.098 -23.6893 -35.1895 15 0.0208463 4.26067
356.869 139.475 -27.0345 -35.267 15 0.0208463 4.26067
357.093 137.852 -30.3798 -35.3446 15 0.0208463 4.26067
357.317 136.229 -33.725 -35.4221 15 0.0208463 4.26067
357.541 134.606 -37.0703 -35.4996 15 0.0208463 4.26067
357.765 132.983 -40.4155 -35.5771 15 0.0208463 4.26067
357.989 131.36 -43.7608 -35.6546 15 0.0208463 4.26067
358.213 129.737 -47.106 -35.7322 15 0.0208463 4.26067
358.436 128.114 -50.4513 -35.8097 15 0.0208463 4.26067
358.66 126.491 -53.7965 -35.8872 15 0.0208463 4.26067
358.884 124.867 -57.1418 -35.9647 15 0.0208463 4.26067
359.108 123.244 -60.487 -36.0423 15 0.0208463 4.26067
359.332 121.621 -63.8323 -36.1198 15 0.0208463 4.26067
359.556 119.998 -67.1775 -36.1973 15 0.0208463 4.26067
359.78 118.375 -70.5228 -36.2748 15 0.0208463 4.26067
360.003 116.752 -73.868 -36.3523 15 0.0208463 4.26067
360.227 115.129 -77.2133 -36.4299 15 0.0208463 4.26067
360.451 113.506 -80.5585 -36.5074 15 0.0208463 4.26067
360.675 111.883 -83.9038 -36.5849 15 0.0208463 4.26067
360.899 110.26 -87.249 -36.6624 15 0.0208463 4.26067
361.123 108.637 -90.5943 -36.74 15 0.0206516 4.24381
361.394 108.637 -90.5943 -36.74 15 0.0206516 4.24381
361.664 106.592 -94.634 -36.8335 15 0.0200341 4.21041
361.935 104.386 -98.6537 -36.9253 15 0.019101 4.17733
362.206 102.019 -102.647 -37.014 15 0.0178832 4.14456
362.477 99.4927 -106.607 -37.098 15 0.0164102 4.11208
362.748 96.8085 -110.528 -37.176 15 0.0147098 4.07989
363.019 93.968 -114.404 -37.2467 15 0.0128086 4.04796
363.29 90.9732 -118.227 -37.3089 15 0.0107319 4.01627
363.56 87.8264 -121.993 -37.3616 15 0.00850397 3.98482
363.696 84.5299 -125.695 -37.4037 15 0.00675246 3.96139
363.831 82.8263 -127.52 -37.4206 15 0.00554605 3.94583
363.967 81.0864 -129.326 -37.4345 15 0.00431459 3.93032
364.102 79.3105 -131.114 -37.4454 15 0.00306077 3.91486
364.238 77.4989 -132.882 -37.4531 15 0.00178724 3.89945
364.373 75.6521 -134.63 -37.4577 15 0.0004966 3.88409
364.508 73.7705 -136.357 -37.4589 15 -0.000808587 3.86877
364.644 71.8545 -138.062 -37.4569 15 -0.0021258 3.8535
364.779 69.9046 -139.744 -37.4514 15 -0.00345254 3.83827
364.915 67.9212 -141.404 -37.4425 15 -0.00478636 3.82308
365.05 65.9048 -143.039 -37.43 15 -0.00612483 3.80794
365.186 63.8558 -144.65 -37.4141 15 -0.00746555 3.79283
365.321 61.7748 -146.236 -37.3945 15 -0.00880614 3.77776
365.456 59.6623 -147.797 -37.3714 15 -0.0101443 3.76273
365.592 57.5188 -149.331 -37.3447 15 -0.0114776 3.74773
365.727 55.3449 -150.838 -37.3143 15 -0.0128038 3.73277
365.863 53.141 -152.317 -37.2803 15 -0.0141205 3.71784
365.998 50.9077 -153.768 -37.2427 15 -0.0154256 3.70295
366.134 48.6457 -155.191 -37.2015 15 -0.0167167 3.68808
366.269 46.3554 -156.584 -37.1567 15 -0.0179916 3.67325
366.404 44.0375 -157.947 -37.1083 15 -0.0192481 3.65845
366.54 41.6926 -159.28 -37.0564 15 -0.0204838 3.64367
366.675 39.3214 -160.582 -37.0009 15 -0.0216966 3.62892
366.811 36.9243 -161.852 -36.9421 15 -0.0228841 3.6142
366.946 34.5021 -163.09 -36.8798 15 -0.0240443 3.59951
367.082 32.0555 -164.296 -36.8142 15 -0.0251748 3.58483
367.217 29.5849 -165.469 -36.7454 15 -0.0262734 3.57019
367.352 27.0913 -166.608 -36.6733 15 -0.0273378 3.55556
367.488 24.5751 -167.714 -36.5982 15 -0.0283659 3.54096
367.623 22.0371 -168.785 -36.52 15 -0.0293553 3.52638
367.759 19.478 -169.821 -36.4389 15 -0.0303037 3.51182
367.894 16.8985 -170.823 -36.355 15 -0.031209 3.49727
368.03 14.2993 -171.788 -36.2685 15 -0.0320687 3.48275
368.165 11.6811 -172.718 -36.1794 15 -0.0328806 3.46824
368.3 9.04469 -173.611 -36.0878 15 -0.0336423 3.45376
368.436 6.3907 -174.467 -35.9939 15 -0.0343515 3.43928
368.571 3.71992 -175.287 -35.8979 15 -0.0350058 3.42482
368.707 1.0331 -176.069 -35.7999 15 -0.0356028 3.41038
368.842 -1.66902 -176.813 -35.7001 15 -0.0361401 3.39595
368.978 -4.38566 -177.519 -35.5986 15 -0.0366151 3.38153
369.113 -7.11608 -178.187 -35.4957 15 -0.0370255 3.36713
369.248 -9.8595 -178.817 -35.3914 15 -0.0373686 3.35273
369.384 -12.6151 -179.408 -35.286 15 -0.037642 3.33835
369.519 -15.3822 -179.959 -35.1798 15 -0.0378429 3.32398
369.655 -18.16 -180.471 -35.0728 15 -0.0379689 3.30961
369.79 -20.9476 -180.944 -34.9654 15 -0.0380172 3.29526
369.926 -23.7443 -181.377 -34.8578 15 -0.0380455 3.28804
370.114 -23.7443 -181.377 -34.8578 15 -0.0380455 3.28804
370.302 -27.6332 -181.951 -34.7081 15 -0.0380455 3.28804
370.49 -31.5221 -182.525 -34.5585 15 -0.0380455 3.28804
370.678 -35.4111 -183.098 -34.4089 15 -0.0380455 3.28804
370.866 -39.3 -183.672 -34.2593 15 -0.0380455 3.28804
370.997 -39.3 -183.672 -34.2593 15 -0.0380455 3.28804
371.128 -42.0044 -184.071 -34.1552 15 -0.0380455 3.28804
371.259 -44.7088 -184.47 -34.0512 15 -0.0380455 3.28804
371.39 -47.4132 -184.869 -33.9471 15 -0.0380455 3.28804
371.521 -50.1176 -185.267 -33.843 15 -0.0380455 3.28804
371.652 -52.8221 -185.666 -33.739 15 -0.0380455 3.28804
371.782 -55.5265 -186.065 -33.6349 15 -0.0380455 3.28804
371.913 -58.2309 -186.464 -33.5309 15 -0.0380455 3.28804
372.044 -60.9353 -186.863 -33.4268 15 -0.0380455 3.28804
372.175 -63.6397 -187.262 -33.3228 15 -0.0380455 3.28804
372.306 -66.3441 -187.661 -33.2187 15 -0.0380455 3.28804
372.437 -69.0485 -188.06 -33.1147 15 -0.0380455 3.28804
372.568 -71.7529 -188.459 -33.0106 15 -0.0380455 3.28804
372.699 -74.4574 -188.858 -32.9066 15 -0.0380455 3.28804
372.829 -77.1618 -189.256 -32.8025 15 -0.0380455 3.28804
372.96 -79.8662 -189.655 -32.6984 15 -0.0380455 3.28804
373.091 -82.5706 -190.054 -32.5944 15 -0.0380455 3.28804
373.222 -85.275 -190.453 -32.4903 15 -0.0380455 3.28804
373.353 -87.9794 -190.852 -32.3863 15 -0.0380455 3.28804
373.484 -90.6838 -191.251 -32.2822 15 -0.0380455 3.28804
373.615 -93.3882 -191.65 -32.1782 15 -0.0380455 3.28804
373.745 -96.0926 -192.049 -32.0741 15 -0.0380455 3.28804
373.876 -98.7971 -192.448 -31.9701 15 -0.0380455 3.28804
374.007 -101.501 -192.847 -31.866 15 -0.0380455 3.28804
374.138 -104.206 -193.245 -31.762 15 -0.0380455 3.28804
374.269 -106.91 -193.644 -31.6579 15 -0.0380455 3.28804
374.4 -109.615 -194.043 -31.5539 15 -0.0380455 3.28804
374.531 -112.319 -194.442 -31.4498 15 -0.0380455 3.28804
374.662 -115.024 -194.841 -31.3457 15 -0.0380455 3.28804
374.792 -117.728 -195.24 -31.2417 15 -0.0380455 3.28804
374.923 -120.432 -195.639 -31.1376 15 -0.0380455 3.28804
375.054 -123.137 -196.038 -31.0336 15 -0.0380455 3.28804
375.185 -125.841 -196.437 -30.9295 15 -0.0378942 3.28345
375.331 -125.841 -196.437 -30.9295 15 -0.0378942 3.28345
375.476 -128.853 -196.867 -30.8142 15 -0.0370623 3.27429
375.622 -131.871 -197.27 -30.7013 15 -0.0355171 3.26512
375.767 -134.893 -197.645 -30.5931 15 -0.0333661 3.25596
375.913 -137.92 -197.993 -30.4914 15 -0.030717 3.2468
376.059 -140.951 -198.313 -30.3977 15 -0.0276783 3.23765
376.204 -143.987 -198.605 -30.3133 15 -0.0243589 3.22849
376.35 -147.025 -198.87 -30.239 15 -0.0208683 3.21934
376.496 -150.067 -199.107 -30.1753 15 -0.0173167 3.21019
376.641 -153.112 -199.316 -30.1224 15 -0.0138149 3.20104
376.787 -156.159 -199.497 -30.0803 15 -0.0104746 3.19189
376.932 -159.209 -199.651 -30.0483 15 -0.00740779 3.18275
377.078 -162.26 -199.777 -30.0257 15 -0.00472751 3.1736
377.224 -165.313 -199.874 -30.0112 15 -0.00254737 3.16446
377.369 -168.367 -199.944 -30.0034 15 -0.000981737 3.15531
377.515 -171.421 -199.986 -30.0004 15 -0.000145789 3.14617
377.661 -174.476 -200 -30 15 -0 3.14159
377.685 -174.476 -200 -30 15 -0 3.14159
