time x y z V_A gamma chi
0 37.5 0 0 15 -0 0
0.520833 37.5 0 0 15 -0 0
1.04167 42.1875 0 0 15 -0 0
1.5625 46.875 0 0 15 -0 0
2.08333 51.5625 0 0 15 -0 0
2.60417 56.25 0 0 15 -0 0
3.125 60.9375 0 0 15 -0 0
3.64583 65.625 0 0 15 -0 0
4.16667 70.3125 0 0 15 -0 0
4.6875 75 0 0 15 0.0920468 0
4.97034 75 0 0 15 0.0920468 0
5.25318 77.5391 0 -0.234375 15 0.0920468 0
5.53601 80.0781 0 -0.46875 15 0.0920468 0
5.81885 82.6172 0 -0.703125 15 0.0920468 0
6.10169 85.1563 0 -0.9375 15 0.0920468 0
6.38453 87.6953 0 -1.17188 15 0.0920468 0
6.66737 90.2344 0 -1.40625 15 0.0920468 0
6.9502 92.7734 0 -1.64063 15 0.0920468 0
7.23304 95.3125 0 -1.875 15 0.0920468 0
7.51588 97.8516 0 -2.10938 15 0.0920468 0
7.79872 100.391 0 -2.34375 15 0.0920468 0
8.08156 102.93 0 -2.57813 15 0.0920468 0
8.36439 105.469 0 -2.8125 15 0.0920468 0
8.64723 108.008 0 -3.04688 15 0.0920468 0
8.93007 110.547 0 -3.28125 15 0.0920468 0
9.21291 113.086 0 -3.51563 15 0.0920468 0
9.49574 115.625 0 -3.75 15 0.0920468 0
9.77858 118.164 0 -3.98437 15 0.0920468 0
10.0614 120.703 0 -4.21875 15 0.0920468 0
10.3443 123.242 0 -4.45313 15 0.0920468 0
10.6271 125.781 0 -4.6875 15 0.0920468 0
10.9099 128.32 0 -4.92188 15 0.0920468 0
11.1928 130.859 0 -5.15625 15 0.0920468 0
11.4756 133.398 0 -5.39063 15 0.0920468 0
11.7584 135.938 0 -5.625 15 0.0920468 0
12.0413 138.477 0 -5.85938 15 0.0920468 0
12.3241 141.016 0 -6.09375 15 0.0920468 0
12.607 143.555 0 -6.32813 15 0.0920468 0
12.8898 146.094 0 -6.5625 15 0.0920468 0
13.1726 148.633 0 -6.79688 15 0.0920468 0
13.4555 151.172 0 -7.03125 15 0.0920468 0
13.7383 153.711 0 -7.26563 15 0.0920468 0
14.0212 156.25 0 -7.5 15 0.0920468 0
14.304 158.789 0 -7.73438 15 0.0920468 0
14.5868 161.328 0 -7.96875 15 0.0920468 0
14.8697 163.867 0 -8.20312 15 0.0920468 0
15.1525 166.406 0 -8.4375 15 0.0920468 0
15.4353 168.945 0 -8.67188 15 0.0920468 0
15.7182 171.484 0 -8.90625 15 0.0920468 0
16.001 174.023 0 -9.14063 15 0.0920468 0
16.2839 176.563 0 -9.375 15 0.0920468 0
16.5667 179.102 0 -9.60938 15 0.0920468 0
16.8495 181.641 0 -9.84375 15 0.0920468 0
17.1324 184.18 0 -10.0781 15 0.0920468 0
17.4152 186.719 0 -10.3125 15 0.0920468 0
17.698 189.258 0 -10.5469 15 0.0920468 0
17.9809 191.797 0 -10.7813 15 0.0920468 0
18.2637 194.336 0 -11.0156 15 0.0920468 0
18.5466 196.875 0 -11.25 15 0.0920468 0
18.8294 199.414 0 -11.4844 15 0.0920468 0
19.1122 201.953 0 -11.7188 15 0.0920468 0
19.3951 204.492 0 -11.9531 15 0.0920468 0
19.6779 207.031 0 -12.1875 15 0.0920468 0
19.9607 209.57 0 -12.4219 15 0.0920468 0
20.2436 212.109 0 -12.6563 15 0.0920468 0
20.5264 214.648 0 -12.8906 15 0.0920468 0
20.8093 217.188 0 -13.125 15 0.0920468 0
21.0921 219.727 0 -13.3594 15 0.0920468 0
21.3749 222.266 0 -13.5938 15 0.0920468 0
21.6578 224.805 0 -13.8281 15 0.0920468 0
21.9406 227.344 0 -14.0625 15 0.0920468 0
22.2235 229.883 0 -14.2969 15 0.0920468 0
22.5063 232.422 0 -14.5313 15 0.0920468 0
22.7891 234.961 0 -14.7656 15 0.0920468 0
23.072 237.5 0 -15 15 0.0920468 0
23.3548 237.5 0 -15 15 0.0920468 0
23.6376 240.039 0 -15.2344 15 0.0920468 0
23.9205 242.578 0 -15.4688 15 0.0920468 0
24.2033 245.117 0 -15.7031 15 0.0920468 0
24.4862 247.656 0 -15.9375 15 0.0920468 0
24.769 250.195 0 -16.1719 15 0.0920468 0
25.0518 252.734 0 -16.4063 15 0.0920468 0
25.3347 255.273 0 -16.6406 15 0.0920468 0
25.6175 257.813 0 -16.875 15 0.0920468 0
25.9003 260.352 0 -17.1094 15 0.0920468 0
26.1832 262.891 0 -17.3438 15 0.0920468 0
26.466 265.43 0 -17.5781 15 0.0920468 0
26.7489 267.969 0 -17.8125 15 0.0920468 0
27.0317 270.508 0 -18.0469 15 0.0920468 0
27.3145 273.047 0 -18.2813 15 0.0920468 0
27.5974 275.586 0 -18.5156 15 0.0920468 0
27.8802 278.125 0 -18.75 15 0.0920468 0
28.163 280.664 0 -18.9844 15 0.0920468 0
28.4459 283.203 0 -19.2188 15 0.0920468 0
28.7287 285.742 0 -19.4531 15 0.0920468 0
29.0116 288.281 0 -19.6875 15 0.0920468 0
29.2944 290.82 0 -19.9219 15 0.0920468 0
29.5772 293.359 0 -20.1563 15 0.0920468 0
29.8601 295.898 0 -20.3906 15 0.0920468 0
30.1429 298.438 0 -20.625 15 0.0920468 0
30.4258 300.977 0 -20.8594 15 0.0920468 0
30.7086 303.516 0 -21.0938 15 0.0920468 0
30.9914 306.055 0 -21.3281 15 0.0920468 0
31.2743 308.594 0 -21.5625 15 0.0920468 0
31.5571 311.133 0 -21.7969 15 0.0920468 0
31.8399 313.672 0 -22.0313 15 0.0920468 0
32.1228 316.211 0 -22.2656 15 0.0920468 0
32.4056 318.75 0 -22.5 15 0.0920468 0
32.6885 321.289 0 -22.7344 15 0.0920468 0
32.9713 323.828 0 -22.9688 15 0.0920468 0
33.2541 326.367 0 -23.2031 15 0.0920468 0
33.537 328.906 0 -23.4375 15 0.0920468 0
33.8198 331.445 0 -23.6719 15 0.0920468 0
34.1026 333.984 0 -23.9063 15 0.0920468 0
34.3855 336.523 0 -24.1406 15 0.0920468 0
34.6683 339.063 0 -24.375 15 0.0920468 0
34.9512 341.602 0 -24.6094 15 0.0920468 0
35.234 344.141 0 -24.8438 15 0.0920468 0
35.5168 346.68 0 -25.0781 15 0.0920468 0
35.7997 349.219 0 -25.3125 15 0.0920468 0
36.0825 351.758 0 -25.5469 15 0.0920468 0
36.3653 354.297 0 -25.7813 15 0.0920468 0
36.6482 356.836 0 -26.0156 15 0.0920468 0
36.931 359.375 0 -26.25 15 0.0920468 0
37.2139 361.914 0 -26.4844 15 0.0920468 0
37.4967 364.453 0 -26.7188 15 0.0920468 0
37.7795 366.992 0 -26.9531 15 0.0920468 0
38.0624 369.531 0 -27.1875 15 0.0920468 0
38.3452 372.07 0 -27.4219 15 0.0920468 0
38.6281 374.609 0 -27.6563 15 0.0920468 0
38.9109 377.148 0 -27.8906 15 0.0920468 0
39.1937 379.688 0 -28.125 15 0.0920468 0
39.4766 382.227 0 -28.3594 15 0.0920468 0
39.7594 384.766 0 -28.5938 15 0.0920468 0
40.0422 387.305 0 -28.8281 15 0.0920468 0
40.3251 389.844 0 -29.0625 15 0.0920468 0
40.6079 392.383 0 -29.2969 15 0.0920468 0
40.8908 394.922 0 -29.5313 15 0.0920468 0
41.1736 397.461 0 -29.7656 15 0.0920468 0
41.4564 400 0 -30 15 -0 0
41.8037 400 0 -30 15 -0 0
42.1509 403.125 0 -30 15 -0 0
42.4981 406.25 0 -30 15 -0 0
42.8453 409.375 0 -30 15 -0 0
43.1925 412.5 0 -30 15 -0 0
43.5398 415.625 0 -30 15 -0 0
43.887 418.75 0 -30 15 -0 0
44.2342 421.875 0 -30 15 -0 0
44.5814 425 0 -30 15 -0 0
44.894 425 0 -30 15 -0 0
45.2067 427.814 0 -30 15 -0 0
45.5193 430.627 0 -30 15 -0 0
45.8319 433.441 0 -30 15 -0 0
46.1445 436.254 0 -30 15 -0.000356976 0.0204818
46.5234 436.254 0 -30 15 -0.000356976 0.0204818
46.9024 439.664 0.0698513 -29.9988 15 -0.00230165 0.0614262
47.2813 443.071 0.279363 -29.9909 15 -0.00564943 0.102313
47.6603 446.47 0.628408 -29.9716 15 -0.00981317 0.143105
48.0392 449.859 1.11678 -29.938 15 -0.0142134 0.183764
48.4182 453.235 1.74417 -29.8892 15 -0.0182824 0.224255
48.7971 456.594 2.51022 -29.8262 15 -0.0214678 0.264543
49.1761 459.932 3.41445 -29.752 15 -0.0232357 0.304596
49.555 463.246 4.45632 -29.6712 15 -0.0235204 0.324541
49.9536 463.246 4.45632 -29.6712 15 -0.0235204 0.324541
50.3523 466.718 5.62443 -29.5851 15 -0.0235204 0.324541
50.7509 470.19 6.79255 -29.4989 15 -0.0235204 0.324541
51.1496 473.662 7.96066 -29.4127 15 -0.0235204 0.324541
51.5482 477.134 9.12877 -29.3265 15 -0.0235204 0.324541
51.9469 480.606 10.2969 -29.2404 15 -0.0235204 0.324541
52.3455 484.078 11.465 -29.1542 15 -0.0235204 0.324541
52.7442 487.55 12.6331 -29.068 15 -0.0235204 0.324541
53.1428 491.022 13.8012 -28.9818 15 -0.0235204 0.324541
53.5415 494.494 14.9693 -28.8956 15 -0.0235204 0.324541
53.9401 497.966 16.1375 -28.8095 15 -0.0235204 0.324541
54.3388 501.438 17.3056 -28.7233 15 -0.0235204 0.324541
54.7374 504.91 18.4737 -28.6371 15 -0.0235204 0.324541
55.1361 508.382 19.6418 -28.5509 15 -0.0235204 0.324541
55.5347 511.854 20.8099 -28.4648 15 -0.0235204 0.324541
55.9334 515.326 21.978 -28.3786 15 -0.0235204 0.324541
56.332 518.798 23.1461 -28.2924 15 -0.0235204 0.324541
56.7307 522.27 24.3142 -28.2062 15 -0.0235204 0.324541
57.1293 525.742 25.4824 -28.1201 15 -0.0235204 0.324541
57.528 529.214 26.6505 -28.0339 15 -0.0235204 0.324541
57.9266 532.686 27.8186 -27.9477 15 -0.0235204 0.324541
58.3253 536.158 28.9867 -27.8615 15 -0.0235204 0.324541
58.7239 539.63 30.1548 -27.7753 15 -0.0235204 0.324541
59.1226 543.102 31.3229 -27.6892 15 -0.0235204 0.324541
59.5212 546.574 32.491 -27.603 15 -0.0235204 0.324541
59.9199 550.046 33.6591 -27.5168 15 -0.0235204 0.324541
60.3185 553.518 34.8273 -27.4306 15 -0.0235204 0.324541
60.7172 556.99 35.9954 -27.3445 15 -0.0235204 0.324541
61.1158 560.462 37.1635 -27.2583 15 -0.0235204 0.324541
61.5145 563.934 38.3316 -27.1721 15 -0.0235204 0.324541
61.9131 567.406 39.4997 -27.0859 15 -0.0235204 0.324541
62.3118 570.878 40.6678 -26.9998 15 -0.0235204 0.324541
62.7104 574.35 41.8359 -26.9136 15 -0.0235204 0.324541
63.1676 574.35 41.8359 -26.9136 15 -0.0235204 0.324541
63.6249 578.332 43.1756 -26.8147 15 -0.0235204 0.324541
64.0821 582.314 44.5154 -26.7159 15 -0.0235204 0.324541
64.5393 586.296 45.8551 -26.6171 15 -0.0235204 0.324541
64.9965 590.278 47.1948 -26.5182 15 -0.0235204 0.324541
65.4537 594.26 48.5345 -26.4194 15 -0.0235204 0.324541
65.9109 598.242 49.8742 -26.3206 15 -0.0235204 0.324541
66.3681 602.224 51.2139 -26.2217 15 -0.0235204 0.324541
66.8253 606.206 52.5536 -26.1229 15 -0.0237399 0.275393
67.1069 606.206 52.5536 -26.1229 15 -0.0237399 0.275393
67.3885 608.681 53.2529 -26.0618 15 -0.0243727 0.175984
67.6701 611.191 53.6992 -25.9997 15 -0.0252393 0.0756
67.9517 613.72 53.8907 -25.9357 15 -0.0262287 6.25797
68.2332 616.252 53.8269 -25.8692 15 -0.0272353 6.15731
68.5148 618.773 53.5078 -25.8 15 -0.0281632 6.05734
68.7964 621.267 52.9348 -25.7279 15 -0.0289305 5.95861
69.078 623.719 52.1098 -25.653 15 -0.0294716 5.86158
69.3596 626.114 51.0359 -25.5757 15 -0.0297382 5.76664
69.6412 628.436 49.7171 -25.4962 15 -0.0296997 5.6741
69.9228 630.67 48.1582 -25.4153 15 -0.0293412 5.58417
70.2043 632.804 46.3648 -25.3335 15 -0.0286615 5.49698
70.4859 634.822 44.3435 -25.2516 15 -0.0276711 5.4126
70.7675 636.711 42.1018 -25.1705 15 -0.0263892 5.33103
71.0491 638.458 39.6478 -25.0909 15 -0.0248418 5.25222
71.3307 640.05 36.9905 -25.014 15 -0.0230597 5.17607
71.6123 641.475 34.1397 -24.9405 15 -0.0210768 5.10249
71.8938 642.723 31.1057 -24.8713 15 -0.0189292 5.03133
72.1754 643.782 27.8997 -24.8074 15 -0.0166543 4.96245
72.457 644.641 24.5334 -24.7495 15 -0.0142901 4.89571
72.7386 645.293 21.0191 -24.6984 15 -0.0118753 4.83097
73.0202 645.728 17.3696 -24.6548 15 -0.00944862 4.76808
73.3018 645.938 13.5984 -24.6191 15 -0.00704892 4.70691
73.5833 645.917 9.71928 -24.5918 15 -0.00471539 4.64733
73.8649 645.658 5.74635 -24.573 15 -0.0024875 4.58921
74.1465 645.156 1.69419 -24.5628 15 -0.000405152 4.53244
74.4281 644.407 -2.42239 -24.5611 15 0.00149114 4.47692
74.7097 643.408 -6.5883 -24.5675 15 0.00316008 4.42254
74.9913 642.155 -10.7883 -24.5814 15 0.0045594 4.36922
75.2728 640.648 -15.0071 -24.6018 15 0.00564567 4.31686
75.5544 638.885 -19.2291 -24.6276 15 0.00637402 4.2654
75.836 636.867 -23.439 -24.6574 15 0.00669801 4.21477
76.1176 634.595 -27.6213 -24.6893 15 0.00671232 4.1898
76.3962 634.595 -27.6213 -24.6893 15 0.00671232 4.1898
76.6747 632.223 -31.7403 -24.7212 15 0.00671232 4.1898
76.9533 629.85 -35.8594 -24.7531 15 0.00671231 4.1898
77.1543 629.85 -35.8594 -24.7531 15 0.00671231 4.1898
77.3553 628.138 -38.832 -24.7761 15 0.00671231 4.1898
77.5564 626.426 -41.8046 -24.7991 15 0.00669221 4.17678
77.7274 626.426 -41.8046 -24.7991 15 0.00669221 4.17678
77.8985 624.928 -44.3271 -24.8188 15 0.00669744 4.1509
78.0696 623.352 -46.8335 -24.8386 15 0.0067658 4.1252
78.2407 621.696 -49.3212 -24.8588 15 0.00689037 4.09968
78.4118 619.962 -51.7877 -24.8796 15 0.00706471 4.07433
78.5828 618.151 -54.2307 -24.9011 15 0.00728279 4.04914
78.7539 616.263 -56.6476 -24.9234 15 0.00753899 4.02411
78.925 614.298 -59.0361 -24.9467 15 0.00782806 3.99922
79.0961 612.259 -61.3937 -24.9711 15 0.00814511 3.97448
79.2672 610.145 -63.7181 -24.9967 15 0.00848559 3.94987
79.4382 607.959 -66.0069 -25.0236 15 0.00884526 3.92539
79.6093 605.701 -68.258 -25.0518 15 0.00922018 3.90104
79.7804 603.372 -70.4689 -25.0814 15 0.00960669 3.8768
79.9515 600.974 -72.6376 -25.1125 15 0.0100014 3.85268
80.1226 598.508 -74.7618 -25.145 15 0.0104011 3.82866
80.2936 595.975 -76.8395 -25.1791 15 0.010803 3.80475
80.4647 593.378 -78.8684 -25.2147 15 0.0112043 3.78093
80.6358 590.717 -80.8467 -25.2518 15 0.0116025 3.75721
80.8069 587.995 -82.7724 -25.2905 15 0.0119954 3.73358
80.978 585.212 -84.6434 -25.3308 15 0.0123809 3.71003
81.149 582.372 -86.458 -25.3725 15 0.0127571 3.68656
81.3201 579.474 -88.2143 -25.4157 15 0.0131222 3.66316
81.4912 576.522 -89.9106 -25.4604 15 0.0134747 3.63984
81.6623 573.518 -91.5451 -25.5065 15 0.0138132 3.61658
81.8334 570.463 -93.1163 -25.5539 15 0.0141363 3.59339
82.0044 567.359 -94.6225 -25.6027 15 0.0144429 3.57026
82.1755 564.208 -96.0623 -25.6528 15 0.0147321 3.54719
82.3466 561.013 -97.4342 -25.704 15 0.0150031 3.52416
82.5177 557.776 -98.7369 -25.7563 15 0.015255 3.50119
82.6888 554.499 -99.969 -25.8098 15 0.0154873 3.47827
82.8598 551.184 -101.129 -25.8642 15 0.0156995 3.45539
83.0309 547.833 -102.217 -25.9195 15 0.0158913 3.43255
83.202 544.449 -103.23 -25.9756 15 0.0160624 3.40974
83.3731 541.034 -104.168 -26.0325 15 0.0162126 3.38697
83.5441 537.591 -105.031 -26.09 15 0.0163419 3.36423
83.7152 534.122 -105.816 -26.1482 15 0.0164505 3.34152
83.8863 530.629 -106.524 -26.2068 15 0.0165385 3.31884
84.0574 527.115 -107.153 -26.2659 15 0.0166062 3.29617
84.2285 523.582 -107.704 -26.3252 15 0.016654 3.27353
84.3995 520.033 -108.175 -26.3849 15 0.0166824 3.2509
84.5706 516.47 -108.566 -26.4447 15 0.016692 3.22828
84.7417 512.897 -108.876 -26.5045 15 0.0166836 3.20568
84.9128 509.315 -109.106 -26.5644 15 0.016658 3.18308
85.0839 505.726 -109.255 -26.6243 15 0.0166162 3.16049
85.2549 502.135 -109.323 -26.684 15 0.0165591 3.1379
85.426 498.542 -109.31 -26.7435 15 0.016488 3.11531
85.5971 494.952 -109.215 -26.8027 15 0.0164041 3.09271
85.7682 491.365 -109.04 -26.8616 15 0.0163088 3.07011
85.9393 487.786 -108.783 -26.9201 15 0.0162037 3.04751
86.1103 484.215 -108.447 -26.9782 15 0.0160903 3.02489
86.2814 480.657 -108.029 -27.0359 15 0.0159705 3.00225
86.4525 477.113 -107.532 -27.093 15 0.0158462 2.9796
86.6236 473.586 -106.956 -27.1497 15 0.0157194 2.95693
86.7947 470.079 -106.301 -27.2058 15 0.0155922 2.93423
86.9657 466.593 -105.567 -27.2613 15 0.0154671 2.91151
87.1368 463.132 -104.757 -27.3163 15 0.0153465 2.88877
87.3079 459.698 -103.87 -27.3707 15 0.0152331 2.86598
87.479 456.293 -102.907 -27.4246 15 0.0151296 2.84317
87.6501 452.92 -101.869 -27.478 15 0.0150391 2.82031
87.8211 449.58 -100.758 -27.531 15 0.0149648 2.79742
87.9922 446.277 -99.5737 -27.5835 15 0.0149099 2.77448
88.1633 443.013 -98.3183 -27.6356 15 0.0148782 2.75149
88.3344 439.789 -96.9929 -27.6875 15 0.0148733 2.72846
88.5055 436.609 -95.5986 -27.7392 15 0.0148993 2.70536
88.6765 433.473 -94.1369 -27.7907 15 0.0149252 2.69381
88.8386 433.473 -94.1369 -27.7907 15 0.0149252 2.69381
89.0006 430.526 -92.7213 -27.8395 15 0.0149252 2.69381
89.1686 430.526 -92.7213 -27.8395 15 0.0149252 2.69381
89.3367 427.469 -91.253 -27.8901 15 0.0149252 2.69381
89.5048 424.412 -89.7846 -27.9407 15 0.0149252 2.69381
89.6728 421.355 -88.3163 -27.9914 15 0.0149252 2.69381
89.8409 418.298 -86.8479 -28.042 15 0.0149252 2.69381
90.009 415.241 -85.3796 -28.0926 15 0.0149252 2.69381
90.177 412.184 -83.9112 -28.1432 15 0.0149252 2.69381
90.3451 409.127 -82.4429 -28.1939 15 0.0149252 2.69381
90.5132 406.07 -80.9745 -28.2445 15 0.0149252 2.69381
90.6812 403.013 -79.5062 -28.2951 15 0.0149252 2.69381
90.8493 399.956 -78.0378 -28.3457 15 0.0149252 2.69381
91.0174 396.899 -76.5695 -28.3963 15 0.0149252 2.69381
91.1855 393.842 -75.1011 -28.447 15 0.0149252 2.69381
91.3535 390.785 -73.6328 -28.4976 15 0.0149252 2.69381
91.5216 387.728 -72.1644 -28.5482 15 0.0149252 2.69381
91.6897 384.671 -70.696 -28.5988 15 0.0149252 2.69381
91.8577 381.614 -69.2277 -28.6494 15 0.0149252 2.69381
92.0258 378.557 -67.7593 -28.7001 15 0.0149252 2.69381
92.1939 375.5 -66.291 -28.7507 15 0.0149252 2.69381
92.3619 372.442 -64.8226 -28.8013 15 0.0149252 2.69381
92.53 369.385 -63.3543 -28.8519 15 0.0149252 2.69381
92.6981 366.328 -61.8859 -28.9025 15 0.0149252 2.69381
92.8661 363.271 -60.4176 -28.9532 15 0.0149252 2.69381
93.0342 360.214 -58.9492 -29.0038 15 0.0149252 2.69381
93.2023 357.157 -57.4809 -29.0544 15 0.0149252 2.69381
93.3703 354.1 -56.0125 -29.105 15 0.0149252 2.69381
93.5384 351.043 -54.5442 -29.1556 15 0.0149252 2.69381
93.7065 347.986 -53.0758 -29.2063 15 0.0149252 2.69381
93.8745 344.929 -51.6075 -29.2569 15 0.0149252 2.69381
94.0426 341.872 -50.1391 -29.3075 15 0.0149252 2.69381
94.2107 338.815 -48.6708 -29.3581 15 0.0149252 2.69381
94.3787 335.758 -47.2024 -29.4087 15 0.0149252 2.69381
94.5468 332.701 -45.7341 -29.4594 15 0.0148951 2.68351
94.7722 332.701 -45.7341 -29.4594 15 0.0148951 2.68351
94.9976 328.63 -43.7265 -29.527 15 0.0146193 2.66286
95.223 324.616 -41.6433 -29.5931 15 0.0140527 2.64216
95.4483 320.661 -39.4859 -29.6564 15 0.0132382 2.62141
95.6737 316.769 -37.2562 -29.7158 15 0.0122186 2.6006
95.8991 312.94 -34.9559 -29.7704 15 0.011037 2.57973
96.1245 309.177 -32.5869 -29.8195 15 0.00973674 2.5588
96.3499 305.481 -30.1509 -29.8626 15 0.00836143 2.53781
96.5753 301.855 -27.6499 -29.8994 15 0.00695509 2.51674
96.8007 298.3 -25.086 -29.9299 15 0.00556224 2.49561
97.0261 294.818 -22.4611 -29.9541 15 0.00422791 2.47439
97.2515 291.411 -19.7774 -29.9725 15 0.0029978 2.45311
97.4768 288.081 -17.0368 -29.9854 15 0.00191828 2.43174
97.7022 284.828 -14.2417 -29.9936 15 0.00103654 2.41028
97.9276 281.654 -11.3943 -29.9981 15 0.000400666 2.38874
98.153 278.562 -8.49667 -29.9997 15 5.97034e-005 2.3671
98.3784 275.551 -5.55126 -30 15 -0 2.35619
98.5891 275.551 -5.55126 -30 15 -0 2.35619
98.7998 272.776 -2.77563 -30 15 -0 2.35619
99.0105 270 0 -30 15 -0 2.35619
99.0573 270 0 -30 15 -0 2.35619
99.1041 269.383 0.616927 -30 15 -0.000155261 2.38279
99.355 269.383 0.616927 -30 15 -0.000155261 2.38279
99.6059 265.965 3.85741 -29.9993 15 -0.00101649 2.43549
99.8568 262.329 6.95843 -29.9944 15 -0.00256261 2.48768
100.108 258.484 9.90523 -29.982 15 -0.00462344 2.53941
100.359 254.442 12.6838 -29.9593 15 -0.0070492 2.59073
100.484 250.214 15.281 -29.9243 15 -0.00902114 2.62896
100.61 248.034 16.5076 -29.9018 15 -0.0103899 2.65436
100.735 245.813 17.6844 -29.8757 15 -0.011781 2.67968
100.86 243.553 18.8098 -29.8459 15 -0.0131816 2.70492
100.986 241.254 19.8826 -29.8125 15 -0.0145798 2.73009
101.111 238.92 20.9014 -29.7753 15 -0.0159643 2.75521
101.237 236.551 21.8651 -29.7345 15 -0.0173248 2.78026
101.362 234.15 22.7725 -29.69 15 -0.0186515 2.80525
101.488 231.719 23.6226 -29.642 15 -0.019935 2.83019
101.613 229.259 24.4142 -29.5905 15 -0.021167 2.85509
101.739 226.773 25.1466 -29.5356 15 -0.0223393 2.87994
101.864 224.263 25.8188 -29.4775 15 -0.0234445 2.90476
101.989 221.731 26.43 -29.4165 15 -0.0244757 2.92954
102.115 219.178 26.9795 -29.3526 15 -0.0254264 2.95428
102.24 216.608 27.4666 -29.286 15 -0.0262906 2.979
102.366 214.022 27.8907 -29.2171 15 -0.0270627 3.0037
102.491 211.423 28.2515 -29.1461 15 -0.0277377 3.02837
102.617 208.812 28.5483 -29.0732 15 -0.0283107 3.05303
102.742 206.192 28.7809 -28.9987 15 -0.0287776 3.07768
102.868 203.566 28.9491 -28.9229 15 -0.0291343 3.10232
102.993 200.934 29.0525 -28.8462 15 -0.0293773 3.12695
103.118 198.3 29.091 -28.7688 15 -0.0295034 3.15158
103.244 195.666 29.0647 -28.691 15 -0.029544 3.16388
103.383 195.666 29.0647 -28.691 15 -0.029544 3.16388
103.523 192.743 28.9996 -28.6046 15 -0.029544 3.16388
103.662 189.82 28.9344 -28.5182 15 -0.029544 3.16388
103.801 186.897 28.8692 -28.4318 15 -0.029544 3.16388
103.941 183.973 28.804 -28.3454 15 -0.029544 3.16388
104.08 181.05 28.7389 -28.259 15 -0.029544 3.16388
104.219 178.127 28.6737 -28.1726 15 -0.029544 3.16388
104.359 175.204 28.6085 -28.0862 15 -0.029544 3.16388
104.498 172.281 28.5433 -27.9998 15 -0.029544 3.16388
104.637 169.357 28.4782 -27.9133 15 -0.029544 3.16388
104.777 166.434 28.413 -27.8269 15 -0.029544 3.16388
104.916 163.511 28.3478 -27.7405 15 -0.029544 3.16388
105.055 160.588 28.2826 -27.6541 15 -0.029544 3.16388
105.195 157.665 28.2175 -27.5677 15 -0.029544 3.16388
105.334 154.742 28.1523 -27.4813 15 -0.029544 3.16388
105.473 151.818 28.0871 -27.3949 15 -0.029544 3.16388
105.613 148.895 28.0219 -27.3085 15 -0.029544 3.16388
105.752 145.972 27.9568 -27.2221 15 -0.029544 3.16388
105.891 143.049 27.8916 -27.1357 15 -0.029544 3.16388
106.031 140.126 27.8264 -27.0493 15 -0.029544 3.16388
106.17 137.202 27.7612 -26.9628 15 -0.029544 3.16388
106.309 134.279 27.6961 -26.8764 15 -0.029544 3.16388
106.449 131.356 27.6309 -26.79 15 -0.029544 3.16388
106.588 128.433 27.5657 -26.7036 15 -0.029544 3.16388
106.727 125.51 27.5005 -26.6172 15 -0.029544 3.16388
106.867 122.586 27.4354 -26.5308 15 -0.029544 3.16388
107.006 119.663 27.3702 -26.4444 15 -0.029544 3.16388
107.145 116.74 27.305 -26.358 15 -0.029544 3.16388
107.285 113.817 27.2398 -26.2716 15 -0.029544 3.16388
107.424 110.894 27.1747 -26.1852 15 -0.029544 3.16388
107.563 107.97 27.1095 -26.0987 15 -0.029544 3.16388
107.703 105.047 27.0443 -26.0123 15 -0.029544 3.16388
107.842 102.124 26.9791 -25.9259 15 -0.029544 3.16388
108 102.124 26.9791 -25.9259 15 -0.029544 3.16388
108.157 98.816 26.9054 -25.8281 15 -0.029544 3.16388
108.315 95.508 26.8316 -25.7304 15 -0.029544 3.16388
108.473 92.2 26.7579 -25.6326 15 -0.029544 3.16388
108.63 88.892 26.6841 -25.5348 15 -0.0294936 3.17732
108.754 88.892 26.6841 -25.5348 15 -0.0294936 3.17732
108.877 86.3052 26.5917 -25.4584 15 -0.0291796 3.20418
109 83.7231 26.4299 -25.3829 15 -0.0285668 3.23106
109.124 81.1484 26.1989 -25.309 15 -0.0276785 3.25795
109.247 78.5837 25.8991 -25.2376 15 -0.0265368 3.28487
109.37 76.0316 25.5309 -25.1691 15 -0.0251627 3.3118
109.494 73.4946 25.0949 -25.1043 15 -0.0235763 3.33877
109.617 70.9752 24.5916 -25.0437 15 -0.0217968 3.36578
109.741 68.4761 24.0217 -24.9879 15 -0.0198424 3.39282
109.864 65.9996 23.3862 -24.9371 15 -0.0177307 3.41991
109.987 63.5482 22.6857 -24.8919 15 -0.0154782 3.44704
110.111 61.1244 21.9215 -24.8526 15 -0.013101 3.47423
110.234 58.7305 21.0944 -24.8194 15 -0.0106142 3.50149
110.357 56.3689 20.2058 -24.7926 15 -0.00803244 3.52881
110.604 54.0419 19.2568 -24.7724 15 -0.00400774 3.5699
110.851 49.5004 17.1833 -24.7524 15 0.00155771 3.625
111.098 45.1234 14.8856 -24.7601 15 0.0072721 3.68047
111.344 40.9272 12.3767 -24.7957 15 0.0130464 3.73636
111.591 36.9273 9.67085 -24.8587 15 0.0187996 3.79273
111.838 33.1379 6.78328 -24.9483 15 0.0244576 3.84964
112.085 29.572 3.73036 -25.0631 15 0.0299539 3.90716
112.331 26.2415 0.529354 -25.2015 15 0.0352283 3.96535
112.578 23.1567 -2.80164 -25.3615 15 0.0402276 4.0243
112.825 20.3269 -6.24378 -25.5408 15 0.0449053 4.08409
113.072 17.7595 -9.7776 -25.7371 15 0.0492217 4.14481
113.318 15.4607 -13.3831 -25.9478 15 0.0531446 4.20657
113.565 13.4353 -17.0399 -26.1701 15 0.0566495 4.26948
113.812 11.6862 -20.7273 -26.4016 15 0.0597208 4.33367
114.059 10.215 -24.4245 -26.6395 15 0.0623526 4.39928
114.305 9.02162 -28.1105 -26.8814 15 0.0645502 4.46646
114.552 8.10444 -31.7645 -27.1249 15 0.0663324 4.53539
114.799 7.46028 -35.3659 -27.368 15 0.0677335 4.60626
115.046 7.08441 -38.8942 -27.6087 15 0.0688061 4.67927
115.292 6.97058 -42.3295 -27.8455 15 0.0696251 4.75464
115.539 7.11105 -45.6524 -28.0775 15 0.070292 4.83263
115.786 7.49667 -48.8441 -28.3038 15 0.0709391 4.91349
116.033 8.11688 -51.8865 -28.5245 15 0.0717356 4.9975
116.279 8.95979 -54.7625 -28.7398 15 0.072893 5.08493
116.526 10.0123 -57.4557 -28.951 15 0.0746701 5.17607
116.773 11.26 -59.9509 -29.1597 15 0.0758893 5.22288
117.077 11.26 -59.9509 -29.1597 15 0.0758893 5.22288
117.38 12.9075 -62.8928 -29.416 15 0.0758893 5.22288
117.684 14.555 -65.8348 -29.6724 15 0.0758893 5.22288
117.988 16.2025 -68.7768 -29.9288 15 0.0758893 5.22288
118.292 17.85 -71.7188 -30.1852 15 0.0758894 5.22288
118.627 17.85 -71.7188 -30.1852 15 0.0758894 5.22288
118.962 19.666 -74.9617 -30.4678 15 0.0758894 5.22288
119.296 21.4821 -78.2046 -30.7504 15 0.0758894 5.22288
119.631 23.2981 -81.4476 -31.033 15 0.0758894 5.22288
119.966 25.1142 -84.6905 -31.3156 15 0.0758894 5.22288
120.301 26.9302 -87.9335 -31.5982 15 0.0758894 5.22288
120.636 28.7463 -91.1764 -31.8808 15 0.0758894 5.22288
120.971 30.5623 -94.4193 -32.1634 15 0.0758894 5.22288
121.305 32.3784 -97.6623 -32.4461 15 0.0764514 5.24531
121.678 32.3784 -97.6623 -32.4461 15 0.0764514 5.24531
122.051 34.4625 -101.196 -32.7603 15 0.0772662 5.29091
122.424 36.6688 -104.574 -33.0727 15 0.0776143 5.33745
122.796 38.9917 -107.793 -33.3814 15 0.077476 5.38493
123.169 41.4256 -110.849 -33.6847 15 0.076834 5.43337
123.542 43.9645 -113.738 -33.9808 15 0.0756745 5.48277
123.914 46.6026 -116.457 -34.268 15 0.0739874 5.53314
124.287 49.3338 -119.002 -34.5447 15 0.0717674 5.58446
124.66 52.1517 -121.369 -34.8093 15 0.0690142 5.63673
125.032 55.0502 -123.556 -35.0603 15 0.0657338 5.68991
125.405 58.0228 -125.561 -35.2963 15 0.0619389 5.74398
125.778 61.063 -127.38 -35.516 15 0.0576496 5.7989
126.15 64.1642 -129.011 -35.7183 15 0.052894 5.8546
126.523 67.3197 -130.453 -35.902 15 0.0477086 5.91103
126.896 70.5229 -131.703 -36.0661 15 0.0421383 5.96811
127.268 73.7668 -132.761 -36.21 15 0.0362369 6.02576
127.641 77.0446 -133.624 -36.3329 15 0.0300663 6.08389
128.014 80.3495 -134.291 -36.4343 15 0.023696 6.1424
128.386 83.6746 -134.762 -36.5139 15 0.0172024 6.20117
128.759 87.0128 -135.037 -36.5715 15 0.0106678 6.26011
129.132 90.3572 -135.114 -36.6072 15 0.0041786 0.0359045
129.504 93.7009 -134.994 -36.6212 15 -0.00217562 0.0948148
129.877 97.0369 -134.677 -36.6139 15 -0.00830405 0.153542
130.25 100.358 -134.163 -36.586 15 -0.014116 0.211974
130.622 103.658 -133.452 -36.5383 15 -0.0195223 0.270008
130.995 106.929 -132.547 -36.472 15 -0.0244369 0.327544
131.368 110.164 -131.448 -36.3885 15 -0.0287774 0.384491
131.741 113.358 -130.156 -36.2894 15 -0.0324664 0.440768
132.113 116.502 -128.672 -36.1764 15 -0.0354317 0.496305
132.486 119.59 -127 -36.0519 15 -0.0376068 0.551039
132.859 122.617 -125.14 -35.9183 15 -0.0389307 0.60492
133.231 125.574 -123.096 -35.7783 15 -0.0393481 0.657908
133.604 128.455 -120.869 -35.6349 15 -0.0391658 0.683554
134.049 128.455 -120.869 -35.6349 15 -0.0391658 0.683554
134.494 131.857 -118.098 -35.463 15 -0.0391658 0.683554
134.94 135.26 -115.326 -35.291 15 -0.0391658 0.683554
135.385 138.662 -112.555 -35.119 15 -0.0391658 0.683554
135.83 142.065 -109.784 -34.9471 15 -0.0391658 0.683554
136.275 145.467 -107.012 -34.7751 15 -0.0391658 0.683554
136.72 148.869 -104.241 -34.6032 15 -0.0391658 0.683554
137.166 152.272 -101.469 -34.4312 15 -0.0391658 0.683554
137.611 155.674 -98.6979 -34.2593 15 -0.0391658 0.683554
137.924 155.674 -98.6979 -34.2593 15 -0.0391658 0.683554
138.237 158.065 -96.7501 -34.1384 15 -0.0391658 0.683554
138.55 160.457 -94.8023 -34.0175 15 -0.0391658 0.683554
138.863 162.848 -92.8544 -33.8967 15 -0.0391658 0.683554
139.175 165.239 -90.9066 -33.7758 15 -0.0391658 0.683554
139.488 167.63 -88.9588 -33.655 15 -0.0391658 0.683554
139.801 170.022 -87.011 -33.5341 15 -0.0391658 0.683554
140.114 172.413 -85.0632 -33.4133 15 -0.0391658 0.683554
140.427 174.804 -83.1154 -33.2924 15 -0.0391658 0.683554
140.74 177.195 -81.1676 -33.1716 15 -0.0391658 0.683554
141.053 179.587 -79.2197 -33.0507 15 -0.0391658 0.683554
141.366 181.978 -77.2719 -32.9298 15 -0.0391658 0.683554
141.679 184.369 -75.3241 -32.809 15 -0.0391658 0.683554
141.992 186.76 -73.3763 -32.6881 15 -0.0391658 0.683554
142.305 189.152 -71.4285 -32.5673 15 -0.0391658 0.683554
142.618 191.543 -69.4807 -32.4464 15 -0.0391658 0.683554
142.93 193.934 -67.5328 -32.3256 15 -0.0391658 0.683554
143.243 196.325 -65.585 -32.2047 15 -0.0391658 0.683554
143.556 198.717 -63.6372 -32.0839 15 -0.0391658 0.683554
143.869 201.108 -61.6894 -31.963 15 -0.0391658 0.683554
144.182 203.499 -59.7416 -31.8421 15 -0.0391658 0.683554
144.495 205.89 -57.7938 -31.7213 15 -0.0391658 0.683554
144.808 208.282 -55.8459 -31.6004 15 -0.0391658 0.683554
145.121 210.673 -53.8981 -31.4796 15 -0.0391658 0.683554
145.434 213.064 -51.9503 -31.3587 15 -0.0391658 0.683554
145.747 215.456 -50.0025 -31.2379 15 -0.0391658 0.683554
146.06 217.847 -48.0547 -31.117 15 -0.0391658 0.683554
146.372 220.238 -46.1069 -30.9962 15 -0.0391658 0.683554
146.685 222.629 -44.1591 -30.8753 15 -0.0391658 0.683554
146.998 225.021 -42.2112 -30.7544 15 -0.0391658 0.683554
147.311 227.412 -40.2634 -30.6336 15 -0.0391658 0.683554
147.624 229.803 -38.3156 -30.5127 15 -0.0391658 0.683554
147.937 232.194 -36.3678 -30.3919 15 -0.0385336 0.690039
148.19 232.194 -36.3678 -30.3919 15 -0.0385336 0.690039
148.443 234.121 -34.7776 -30.2956 15 -0.0353122 0.702964
148.696 236.033 -33.1572 -30.207 15 -0.0298412 0.715831
148.949 237.931 -31.5065 -30.1319 15 -0.0230325 0.728638
149.202 239.814 -29.8257 -30.0738 15 -0.0157958 0.741387
149.455 241.683 -28.1151 -30.0338 15 -0.00903796 0.754076
149.708 243.536 -26.3746 -30.0108 15 -0.00366183 0.766706
149.961 245.373 -24.6044 -30.0014 15 -0.000565171 0.779276
150.214 247.195 -22.8048 -30 15 -0 0.785398
150.612 247.195 -22.8048 -30 15 -0 0.785398
151.009 250.046 -19.9542 -30 15 -0 0.785398
151.406 252.896 -17.1036 -30 15 -0 0.785398
151.804 255.747 -14.253 -30 15 -0 0.785398
152.201 258.598 -11.4024 -30 15 -0 0.785398
152.598 261.448 -8.55179 -30 15 -0 0.785398
152.996 264.299 -5.70119 -30 15 -0 0.785398
153.393 267.149 -2.8506 -30 15 -0 0.785398
153.791 270 0 -30 15 -0 0.785398
154.112 270 0 -30 15 -0 0.785398
154.432 272.302 2.30235 -30 15 -0 0.785398
154.753 274.605 4.6047 -30 15 -0 0.785398
155.074 276.907 6.90705 -30 15 -0 0.785398
155.395 279.209 9.2094 -30 15 -0 0.785398
155.716 281.512 11.5117 -30 15 -0 0.785398
156.037 283.814 13.8141 -30 15 -0 0.785398
156.358 286.116 16.1164 -30 15 -0 0.785398
156.679 288.419 18.4188 -30 15 0.000242401 0.775325
157.086 288.419 18.4188 -30 15 0.000242401 0.775325
157.493 291.358 21.2993 -30.001 15 0.00156935 0.755055
157.9 294.337 24.1032 -30.0074 15 0.00386916 0.734632
158.307 297.356 26.8299 -30.0232 15 0.00675491 0.714056
158.713 300.413 29.4789 -30.0505 15 0.0098403 0.693328
159.12 303.506 32.0496 -30.0901 15 0.0127403 0.672449
159.527 306.636 34.5416 -30.141 15 0.0150715 0.651421
159.934 309.801 36.9544 -30.201 15 0.0164534 0.630245
160.341 312.999 39.2874 -30.2662 15 0.0167344 0.61962
160.836 312.999 39.2874 -30.2662 15 0.0167344 0.61962
161.331 316.911 42.0778 -30.3466 15 0.0167344 0.61962
161.826 320.822 44.8682 -30.427 15 0.0167344 0.61962
162.321 324.734 47.6586 -30.5074 15 0.0167344 0.61962
162.817 328.646 50.449 -30.5878 15 0.0167344 0.61962
163.312 332.558 53.2395 -30.6682 15 0.0167344 0.61962
163.807 336.469 56.0299 -30.7487 15 0.0167344 0.61962
164.302 340.381 58.8203 -30.8291 15 0.0167344 0.61962
164.797 344.293 61.6107 -30.9095 15 0.0167344 0.61962
165.292 348.205 64.4011 -30.9899 15 0.0167344 0.61962
165.788 352.117 67.1915 -31.0703 15 0.0167344 0.61962
166.283 356.028 69.982 -31.1507 15 0.0167344 0.61962
166.778 359.94 72.7724 -31.2312 15 0.0167344 0.61962
167.273 363.852 75.5628 -31.3116 15 0.0167344 0.61962
167.768 367.764 78.3532 -31.392 15 0.0167344 0.61962
168.263 371.676 81.1436 -31.4724 15 0.0167344 0.61962
168.758 375.587 83.934 -31.5528 15 0.0167344 0.61962
169.254 379.499 86.7245 -31.6332 15 0.0167344 0.61962
169.749 383.411 89.5149 -31.7137 15 0.0167344 0.61962
170.244 387.323 92.3053 -31.7941 15 0.0167344 0.61962
170.739 391.235 95.0957 -31.8745 15 0.0167344 0.61962
171.234 395.146 97.8861 -31.9549 15 0.0167344 0.61962
171.729 399.058 100.677 -32.0353 15 0.0167344 0.61962
172.224 402.97 103.467 -32.1158 15 0.0167344 0.61962
172.72 406.882 106.257 -32.1962 15 0.0167344 0.61962
173.215 410.793 109.048 -32.2766 15 0.0167344 0.61962
173.71 414.705 111.838 -32.357 15 0.0167344 0.61962
174.205 418.617 114.629 -32.4374 15 0.0167344 0.61962
174.7 422.529 117.419 -32.5178 15 0.0167344 0.61962
175.195 426.441 120.209 -32.5983 15 0.0167344 0.61962
175.691 430.352 123 -32.6787 15 0.0167344 0.61962
176.186 434.264 125.79 -32.7591 15 0.0167344 0.61962
176.681 438.176 128.581 -32.8395 15 0.0167344 0.61962
177.006 438.176 128.581 -32.8395 15 0.0167344 0.61962
177.331 440.744 130.412 -32.8923 15 0.0167344 0.61962
177.656 443.312 132.244 -32.9451 15 0.0167344 0.61962
177.981 445.879 134.076 -32.9979 15 0.0167344 0.61962
178.306 448.447 135.907 -33.0507 15 0.0167344 0.61962
178.631 451.015 137.739 -33.1034 15 0.0167344 0.61962
178.956 453.583 139.571 -33.1562 15 0.0167344 0.61962
179.281 456.151 141.403 -33.209 15 0.0167344 0.61962
179.606 458.718 143.234 -33.2618 15 0.0167344 0.61962
179.931 461.286 145.066 -33.3146 15 0.0167344 0.61962
180.256 463.854 146.898 -33.3674 15 0.0167344 0.61962
180.581 466.422 148.729 -33.4202 15 0.0167344 0.61962
180.906 468.99 150.561 -33.473 15 0.0167344 0.61962
181.231 471.557 152.393 -33.5257 15 0.0167344 0.61962
181.556 474.125 154.224 -33.5785 15 0.0167344 0.61962
181.881 476.693 156.056 -33.6313 15 0.0167344 0.61962
182.206 479.261 157.888 -33.6841 15 0.0167344 0.61962
182.531 481.828 159.72 -33.7369 15 0.0167344 0.61962
182.856 484.396 161.551 -33.7897 15 0.0167344 0.61962
183.181 486.964 163.383 -33.8425 15 0.0167344 0.61962
183.506 489.532 165.215 -33.8953 15 0.0167344 0.61962
183.832 492.1 167.046 -33.9481 15 0.0167344 0.61962
184.157 494.667 168.878 -34.0008 15 0.0167344 0.61962
184.482 497.235 170.71 -34.0536 15 0.0167344 0.61962
184.807 499.803 172.541 -34.1064 15 0.0167344 0.61962
185.132 502.371 174.373 -34.1592 15 0.0167344 0.61962
185.457 504.939 176.205 -34.212 15 0.0167344 0.61962
185.782 507.506 178.037 -34.2648 15 0.0167344 0.61962
186.107 510.074 179.868 -34.3176 15 0.0167344 0.61962
186.432 512.642 181.7 -34.3704 15 0.0167344 0.61962
186.757 515.21 183.532 -34.4231 15 0.0167344 0.61962
187.082 517.778 185.363 -34.4759 15 0.0167344 0.61962
187.407 520.345 187.195 -34.5287 15 0.0161213 0.716537
187.835 520.345 187.195 -34.5287 15 0.0161213 0.716537
188.264 523.556 189.992 -34.5974 15 0.0140455 0.900128
188.692 526.354 193.518 -34.6606 15 0.0110876 1.07074
188.907 528.646 197.713 -34.7136 15 0.0085297 1.19039
189.121 529.577 200.04 -34.735 15 0.00671233 1.26678
189.335 530.351 202.507 -34.7523 15 0.00485052 1.34054
189.55 530.959 205.103 -34.7653 15 0.00296903 1.41186
189.764 531.394 207.816 -34.7734 15 0.00108854 1.48092
189.978 531.648 210.637 -34.7765 15 -0.00077371 1.54789
190.192 531.715 213.551 -34.7743 15 -0.00260338 1.61294
190.407 531.589 216.548 -34.7664 15 -0.00438853 1.67623
190.621 531.264 219.615 -34.7529 15 -0.00611915 1.7379
190.835 530.737 222.737 -34.7335 15 -0.0077868 1.79809
191.049 530.005 225.902 -34.7082 15 -0.00938426 1.85693
191.264 529.065 229.097 -34.677 15 -0.0109053 1.91454
191.478 527.916 232.307 -34.6398 15 -0.0123444 1.97101
191.692 526.557 235.52 -34.5967 15 -0.0136966 2.02645
191.907 524.989 238.721 -34.5479 15 -0.0149573 2.08095
192.121 523.212 241.896 -34.4935 15 -0.0161222 2.13459
192.335 521.229 245.033 -34.4336 15 -0.0171871 2.18743
192.549 519.042 248.117 -34.3687 15 -0.0181477 2.23956
192.764 516.656 251.136 -34.2988 15 -0.0189999 2.29104
192.978 514.076 254.077 -34.2245 15 -0.0197394 2.34191
193.192 511.306 256.927 -34.146 15 -0.0203615 2.39224
193.406 508.354 259.674 -34.0639 15 -0.0208616 2.44208
193.621 505.225 262.307 -33.9786 15 -0.0212346 2.49147
193.835 501.929 264.813 -33.8906 15 -0.021475 2.54045
194.049 498.473 267.183 -33.8006 15 -0.0215769 2.58907
194.263 494.868 269.406 -33.7092 15 -0.0215341 2.63736
194.478 491.122 271.473 -33.6171 15 -0.0214664 2.66142
194.664 491.122 271.473 -33.6171 15 -0.0214664 2.66142
194.85 487.811 273.197 -33.5369 15 -0.0214664 2.66142
195.036 484.5 274.922 -33.4568 15 -0.0214664 2.66142
195.182 484.5 274.922 -33.4568 15 -0.0214664 2.66142
195.328 481.904 276.274 -33.3939 15 -0.0214664 2.66142
195.474 479.307 277.626 -33.3311 15 -0.0214664 2.66142
195.62 476.711 278.979 -33.2682 15 -0.0214664 2.66142
195.766 474.114 280.331 -33.2054 15 -0.0214664 2.66142
195.912 471.518 281.683 -33.1425 15 -0.0214664 2.66142
196.058 468.922 283.036 -33.0797 15 -0.0214664 2.66142
196.204 466.325 284.388 -33.0168 15 -0.0214664 2.66142
196.35 463.729 285.74 -32.954 15 -0.0214101 2.67658
196.573 463.729 285.74 -32.954 15 -0.0214101 2.67658
196.796 459.714 287.754 -32.8578 15 -0.0213077 2.7068
197.02 455.619 289.656 -32.7616 15 -0.0212138 2.73693
197.243 451.447 291.443 -32.6653 15 -0.0211172 2.76696
197.466 447.204 293.111 -32.569 15 -0.0210077 2.79691
197.69 442.895 294.658 -32.4728 15 -0.0208767 2.82679
197.913 438.524 296.082 -32.3768 15 -0.0207167 2.8566
198.136 434.098 297.379 -32.2812 15 -0.0205215 2.88634
198.36 429.62 298.547 -32.1863 15 -0.0202859 2.91603
198.583 425.097 299.585 -32.0921 15 -0.0200058 2.94568
198.806 420.533 300.491 -31.999 15 -0.0196783 2.97528
199.03 415.936 301.262 -31.9073 15 -0.0193015 3.00484
199.253 411.308 301.899 -31.8171 15 -0.0188745 3.03438
199.476 406.658 302.4 -31.7288 15 -0.0183973 3.06389
199.7 401.99 302.763 -31.6427 15 -0.0178712 3.09339
199.923 397.309 302.989 -31.5589 15 -0.0172982 3.12288
200.146 392.622 303.077 -31.4778 15 -0.0166815 3.15237
200.37 387.934 303.026 -31.3996 15 -0.0160253 3.18185
200.593 383.251 302.837 -31.3245 15 -0.0153348 3.21135
200.816 378.579 302.511 -31.2527 15 -0.0146163 3.24086
201.039 373.923 302.047 -31.1843 15 -0.0138771 3.27039
201.263 369.289 301.447 -31.1194 15 -0.0131257 3.29995
201.486 364.683 300.712 -31.0582 15 -0.0123718 3.32954
201.709 360.11 299.842 -31.0006 15 -0.0116261 3.35917
201.933 355.575 298.839 -30.9466 15 -0.0109008 3.38884
202.156 351.085 297.706 -30.8961 15 -0.0102093 3.41858
202.379 346.644 296.443 -30.849 15 -0.00956624 3.44837
202.603 342.258 295.054 -30.805 15 -0.00898795 3.47822
202.826 337.931 293.54 -30.7638 15 -0.00849213 3.50815
203.049 333.67 291.904 -30.725 15 -0.00809814 3.53816
203.273 329.479 290.149 -30.6882 15 -0.00782704 3.56826
203.496 325.362 288.278 -30.6528 15 -0.00770172 3.59846
203.719 321.326 286.293 -30.6182 15 -0.00769146 3.61365
203.725 321.326 286.293 -30.6182 15 -0.00769146 3.61365
203.731 321.224 286.242 -30.6173 15 -0.0076916 3.61365
203.876 321.224 286.242 -30.6173 15 -0.0076916 3.61365
204.022 318.615 284.91 -30.5948 15 -0.0076916 3.61365
204.168 316.007 283.578 -30.5722 15 -0.0076916 3.61365
204.314 313.398 282.245 -30.5497 15 -0.0076916 3.61365
204.46 310.789 280.913 -30.5272 15 -0.0076916 3.61365
204.605 308.18 279.581 -30.5046 15 -0.0076916 3.61365
204.751 305.571 278.249 -30.4821 15 -0.0076916 3.61365
204.897 302.962 276.917 -30.4596 15 -0.0076916 3.61365
205.043 300.353 275.585 -30.437 15 -0.0076916 3.61365
205.189 297.744 274.253 -30.4145 15 -0.0076916 3.61365
205.334 295.135 272.921 -30.392 15 -0.0076916 3.61365
205.48 292.526 271.589 -30.3694 15 -0.0076916 3.61365
205.626 289.917 270.257 -30.3469 15 -0.0076916 3.61365
205.772 287.308 268.925 -30.3244 15 -0.0076916 3.61365
205.917 284.699 267.593 -30.3018 15 -0.0076916 3.61365
206.063 282.091 266.261 -30.2793 15 -0.0076916 3.61365
206.209 279.482 264.929 -30.2568 15 -0.00767563 3.62323
206.418 279.482 264.929 -30.2568 15 -0.00767563 3.62323
206.627 275.77 262.989 -30.2246 15 -0.00753203 3.64241
206.836 272.11 260.986 -30.1932 15 -0.00723806 3.66164
207.044 268.502 258.92 -30.1631 15 -0.00681608 3.68092
207.253 264.95 256.794 -30.1349 15 -0.00628847 3.70025
207.462 261.453 254.608 -30.109 15 -0.00567766 3.71963
207.671 258.015 252.365 -30.0857 15 -0.00500617 3.73907
207.88 254.635 250.066 -30.0652 15 -0.00429663 3.75856
208.088 251.316 247.711 -30.0477 15 -0.00357182 3.77812
208.297 248.06 245.304 -30.0332 15 -0.00285469 3.79773
208.506 244.866 242.846 -30.0217 15 -0.00216842 3.81742
208.715 241.738 240.337 -30.013 15 -0.00153643 3.83717
208.924 238.676 237.781 -30.0069 15 -0.000982428 3.85699
209.133 235.68 235.178 -30.003 15 -0.000530448 3.87689
209.341 232.754 232.531 -30.0009 15 -0.000204878 3.89686
209.55 229.896 229.841 -30.0001 15 -3.05052e-005 3.91692
209.759 227.11 227.11 -30 15 -0 3.92699
209.919 227.11 227.11 -30 15 -0 3.92699
210.079 225 225 -30 15 -0 3.92699
210.153 225 225 -30 15 -0 3.92699
210.227 224.03 224.03 -30 15 -0 3.95295
210.447 224.03 224.03 -30 15 -0 3.95295
210.667 221.227 221.077 -30 15 -0 4.0054
210.887 218.625 218.032 -30 15 -0 4.0585
211.108 216.23 214.907 -30 15 -0 4.11231
211.328 214.048 211.718 -30 15 -0 4.1669
211.548 212.081 208.477 -30 15 -0 4.22235
211.769 210.334 205.201 -30 15 -0 4.27874
211.989 208.807 201.904 -30 15 -0 4.33616
212.209 207.502 198.6 -30 15 -0 4.39472
212.429 206.418 195.305 -30 15 -0 4.45453
212.65 205.556 192.034 -30 15 -0 4.5157
212.87 204.911 188.8 -30 15 -0 4.57837
213.09 204.482 185.619 -30 15 -0 4.64267
213.311 204.265 182.506 -30 15 -0 4.70877
213.531 204.254 179.473 -30 15 -0 4.77683
213.751 204.444 176.535 -30 15 -0 4.84703
213.971 204.827 173.706 -30 15 -0 4.88308
214.192 204.827 173.706 -30 15 -0 4.88308
214.412 205.304 170.937 -30 15 -0 4.88308
214.632 205.781 168.168 -30 15 -0 4.88308
214.852 206.259 165.399 -30 15 -0 4.88308
215.072 206.736 162.63 -30 15 -0 4.88308
215.292 207.213 159.861 -30 15 -0 4.88308
215.512 207.69 157.092 -30 15 -0 4.88308
215.732 208.168 154.323 -30 15 -0 4.88308
215.952 208.645 151.554 -30 15 -0 4.88308
216.172 209.122 148.785 -30 15 -0 4.88308
216.392 209.6 146.016 -30 15 -0 4.88308
216.613 210.077 143.247 -30 15 -0 4.88308
216.833 210.554 140.478 -30 15 -0 4.88308
217.053 211.031 137.709 -30 15 -0 4.88308
217.273 211.509 134.94 -30 15 -0 4.88308
217.493 211.986 132.172 -30 15 -0 4.88308
217.713 212.463 129.403 -30 15 -0 4.88308
217.933 212.941 126.634 -30 15 -0 4.88308
218.153 213.418 123.865 -30 15 -0 4.88308
218.373 213.895 121.096 -30 15 -0 4.88308
218.593 214.372 118.327 -30 15 -0 4.88308
218.814 214.85 115.558 -30 15 -0 4.88308
219.034 215.327 112.789 -30 15 -0 4.88308
219.254 215.804 110.02 -30 15 -0 4.88308
219.474 216.281 107.251 -30 15 -0 4.88308
219.694 216.759 104.482 -30 15 -0 4.88308
219.914 217.236 101.713 -30 15 -0 4.88308
220.134 217.713 98.9443 -30 15 -0 4.88308
220.354 218.191 96.1754 -30 15 -0 4.88308
220.574 218.668 93.4064 -30 15 -0 4.88308
220.794 219.145 90.6375 -30 15 -0 4.88308
221.014 219.622 87.8685 -30 15 -0 4.88308
221.235 220.1 85.0996 -30 15 -0 4.88308
221.515 220.1 85.0996 -30 15 -0 4.88308
221.795 220.708 81.5726 -30 15 -0 4.88308
222.076 221.315 78.0457 -30 15 -0.000145625 4.84257
222.35 221.315 78.0457 -30 15 -0.000145625 4.84257
222.625 221.779 74.5071 -29.9995 15 -0.000942756 4.76393
222.9 221.969 70.8193 -29.996 15 -0.00235409 4.68795
223.175 221.876 67.0032 -29.987 15 -0.00421197 4.61438
223.45 221.49 63.0807 -29.9704 15 -0.0063769 4.543
223.724 220.805 59.074 -29.9445 15 -0.00873372 4.47358
223.999 219.814 55.006 -29.9079 15 -0.011188 4.40595
224.274 218.515 50.8999 -29.8597 15 -0.0136629 4.33991
224.549 216.905 46.7792 -29.7993 15 -0.0160965 4.27532
224.824 214.984 42.6673 -29.7262 15 -0.0184393 4.21204
225.098 212.753 38.5876 -29.6405 15 -0.0206524 4.14992
225.373 210.217 34.5635 -29.5422 15 -0.0227059 4.08886
225.648 207.379 30.6179 -29.4319 15 -0.0245775 4.02875
225.785 204.247 26.7733 -29.3099 15 -0.0258537 3.98428
225.923 202.573 24.8957 -29.2449 15 -0.0266393 3.95484
226.06 200.829 23.0515 -29.1773 15 -0.0273722 3.9256
226.197 199.015 21.2434 -29.1072 15 -0.0280519 3.89653
226.335 197.135 19.4739 -29.0347 15 -0.0286778 3.86763
226.472 195.188 17.7456 -28.96 15 -0.0292498 3.83888
226.61 193.177 16.0608 -28.8833 15 -0.029768 3.81029
226.747 191.103 14.4221 -28.8045 15 -0.0302326 3.78183
226.884 188.968 12.8317 -28.724 15 -0.0306443 3.75351
227.022 186.774 11.2919 -28.6419 15 -0.0310037 3.72531
227.159 184.522 9.80499 -28.5582 15 -0.0313119 3.69724
227.297 182.216 8.37297 -28.4732 15 -0.0315699 3.66927
227.434 179.857 6.99792 -28.3869 15 -0.0317791 3.6414
227.571 177.446 5.68181 -28.2996 15 -0.0319409 3.61364
227.709 174.988 4.42652 -28.2114 15 -0.0320571 3.58596
227.846 172.483 3.23382 -28.1224 15 -0.0321297 3.55837
227.984 169.934 2.10544 -28.0329 15 -0.0321605 3.53085
228.121 167.344 1.04296 -27.9428 15 -0.0321519 3.50341
228.258 164.714 0.047912 -27.8524 15 -0.0321063 3.47604
228.396 162.049 -0.878289 -27.7617 15 -0.0320264 3.44872
228.533 159.35 -1.73432 -27.671 15 -0.0319149 3.42147
228.671 156.62 -2.51897 -27.5803 15 -0.0317749 3.39426
228.808 153.862 -3.2311 -27.4898 15 -0.0316094 3.3671
228.945 151.078 -3.86972 -27.3995 15 -0.031422 3.33998
229.083 148.272 -4.4339 -27.3095 15 -0.0312163 3.31289
229.22 145.445 -4.92284 -27.2199 15 -0.0309961 3.28584
229.358 142.602 -5.33585 -27.1309 15 -0.0307654 3.25881
229.495 139.744 -5.67233 -27.0423 15 -0.0305286 3.2318
229.632 136.876 -5.93181 -26.9543 15 -0.0302902 3.2048
229.77 133.998 -6.11391 -26.867 15 -0.030055 3.17782
229.907 131.116 -6.21838 -26.7803 15 -0.0298281 3.15084
230.045 128.231 -6.24507 -26.6942 15 -0.029615 3.12387
230.182 125.346 -6.19394 -26.6087 15 -0.0294212 3.09689
230.319 122.465 -6.06506 -26.5238 15 -0.0292528 3.0699
230.457 119.59 -5.85861 -26.4395 15 -0.0291162 3.04291
230.594 116.725 -5.5749 -26.3556 15 -0.0290179 3.01589
230.732 113.871 -5.21431 -26.2722 15 -0.0289652 2.98885
230.869 111.033 -4.77738 -26.189 15 -0.0289655 2.96179
231.006 108.212 -4.26472 -26.1059 15 -0.0290013 2.94829
231.155 108.212 -4.26472 -26.1059 15 -0.0290013 2.94829
231.304 105.168 -3.66881 -26.0159 15 -0.0290013 2.94829
231.453 102.124 -3.07289 -25.9259 15 -0.0290013 2.94829
231.598 102.124 -3.07289 -25.9259 15 -0.0290013 2.94829
231.744 99.1531 -2.49134 -25.8381 15 -0.0290013 2.94829
231.889 96.1822 -1.9098 -25.7503 15 -0.0290013 2.94829
232.034 93.2114 -1.32825 -25.6625 15 -0.0290013 2.94829
232.18 90.2405 -0.746697 -25.5747 15 -0.0290228 2.9349
232.302 90.2405 -0.746697 -25.5747 15 -0.0290228 2.9349
232.424 87.7478 -0.224022 -25.5007 15 -0.0290276 2.9081
232.547 85.2759 0.363883 -25.4269 15 -0.0289791 2.88126
232.669 82.8271 1.0162 -25.3535 15 -0.028879 2.85437
232.792 80.4038 1.73202 -25.2805 15 -0.0287291 2.82743
232.914 78.0084 2.51034 -25.2081 15 -0.0285309 2.80043
233.159 75.6432 3.35009 -25.1365 15 -0.028144 2.75984
233.404 71.0124 5.20909 -24.996 15 -0.027477 2.70545
233.648 66.529 7.29868 -24.8601 15 -0.0266427 2.65074
233.893 62.2098 9.60721 -24.7295 15 -0.0256507 2.59566
234.138 58.0706 12.1219 -24.6053 15 -0.02451 2.54015
234.383 54.1264 14.8286 -24.488 15 -0.0232287 2.48417
234.628 50.3909 17.7124 -24.3784 15 -0.0218145 2.42765
234.872 46.8766 20.7571 -24.2769 15 -0.0202743 2.37053
235.117 43.5951 23.9459 -24.1841 15 -0.0186149 2.31273
235.362 40.5564 27.261 -24.1004 15 -0.0168424 2.25418
235.607 37.7692 30.6839 -24.0261 15 -0.014963 2.1948
235.852 35.2409 34.1955 -23.9613 15 -0.0129829 2.1345
236.096 32.9774 37.7764 -23.9063 15 -0.0109082 2.07316
236.341 30.983 41.4066 -23.8611 15 -0.00874548 2.01069
236.586 29.2608 45.0659 -23.8258 15 -0.0065017 1.94695
236.831 27.8121 48.7338 -23.8001 15 -0.00418468 1.8818
237.075 26.6368 52.3901 -23.7841 15 -0.00180335 1.81511
237.32 25.7334 56.0143 -23.7773 15 0.000631875 1.74669
237.565 25.0985 59.5863 -23.7796 15 0.00310862 1.67636
237.81 24.7277 63.0862 -23.7905 15 0.00561194 1.60392
238.055 24.6147 66.4945 -23.8097 15 0.00812364 1.52916
238.299 24.7521 69.7922 -23.8365 15 0.0106214 1.45182
238.544 25.1309 72.9609 -23.8704 15 0.013078 1.37166
238.789 25.7408 75.9831 -23.9107 15 0.0154599 1.28841
239.034 26.5703 78.8419 -23.9567 15 0.0177263 1.2018
239.279 27.6064 81.5214 -24.0077 15 0.0198281 1.11155
239.523 28.8355 84.0067 -24.0627 15 0.0217067 1.01742
239.768 30.2422 86.2839 -24.1208 15 0.0232936 0.91919
240.013 31.8108 88.3404 -24.181 15 0.0245112 0.816725
240.258 33.5243 90.1648 -24.2424 15 0.024942 0.763511
240.676 33.5243 90.1648 -24.2424 15 0.024942 0.763511
241.095 36.5712 93.0812 -24.3476 15 0.024942 0.763511
241.513 39.6182 95.9976 -24.4528 15 0.024942 0.763511
241.932 42.6651 98.914 -24.558 15 0.024942 0.763511
242.35 45.7121 101.83 -24.6633 15 0.024942 0.763511
242.769 48.7591 104.747 -24.7685 15 0.024942 0.763511
243.187 51.806 107.663 -24.8737 15 0.024942 0.763511
243.606 54.853 110.58 -24.9789 15 0.024942 0.763511
244.024 57.8999 113.496 -25.0842 15 0.024942 0.763511
244.443 60.9469 116.413 -25.1894 15 0.024942 0.763511
244.861 63.9939 119.329 -25.2946 15 0.024942 0.763511
245.28 67.0408 122.245 -25.3998 15 0.024942 0.763511
245.698 70.0878 125.162 -25.505 15 0.024942 0.763511
246.117 73.1347 128.078 -25.6103 15 0.024942 0.763511
246.535 76.1817 130.995 -25.7155 15 0.024942 0.763511
246.954 79.2287 133.911 -25.8207 15 0.024942 0.763511
247.372 82.2756 136.827 -25.9259 15 0.024942 0.763511
247.782 82.2756 136.827 -25.9259 15 0.024942 0.763511
248.192 85.2592 139.683 -26.029 15 0.024942 0.763511
248.602 88.2428 142.539 -26.132 15 0.024942 0.763511
249.012 91.2264 145.395 -26.235 15 0.024942 0.763511
249.421 94.2099 148.251 -26.3381 15 0.024942 0.763511
249.831 97.1935 151.106 -26.4411 15 0.024942 0.763511
250.241 100.177 153.962 -26.5441 15 0.024942 0.763511
250.651 103.161 156.818 -26.6472 15 0.024942 0.763511
251.061 106.144 159.674 -26.7502 15 0.024942 0.763511
251.47 109.128 162.529 -26.8532 15 0.024942 0.763511
251.88 112.111 165.385 -26.9563 15 0.024942 0.763511
252.29 115.095 168.241 -27.0593 15 0.024942 0.763511
252.7 118.079 171.097 -27.1623 15 0.024942 0.763511
253.11 121.062 173.952 -27.2653 15 0.024942 0.763511
253.519 124.046 176.808 -27.3684 15 0.024942 0.763511
253.929 127.029 179.664 -27.4714 15 0.024942 0.763511
254.339 130.013 182.52 -27.5744 15 0.024942 0.763511
254.749 132.996 185.375 -27.6775 15 0.024942 0.763511
255.159 135.98 188.231 -27.7805 15 0.024942 0.763511
255.568 138.964 191.087 -27.8835 15 0.024942 0.763511
255.978 141.947 193.943 -27.9866 15 0.024942 0.763511
256.388 144.931 196.798 -28.0896 15 0.024942 0.763511
256.798 147.914 199.654 -28.1926 15 0.024942 0.763511
257.208 150.898 202.51 -28.2957 15 0.024942 0.763511
257.617 153.881 205.366 -28.3987 15 0.024942 0.763511
258.027 156.865 208.221 -28.5017 15 0.024942 0.763511
258.437 159.849 211.077 -28.6048 15 0.024942 0.763511
258.847 162.832 213.933 -28.7078 15 0.024942 0.763511
259.257 165.816 216.789 -28.8108 15 0.024942 0.763511
259.666 168.799 219.644 -28.9139 15 0.024942 0.763511
260.076 171.783 222.5 -29.0169 15 0.024942 0.763511
260.486 174.767 225.356 -29.1199 15 0.024942 0.763511
260.896 177.75 228.212 -29.223 15 0.025237 0.719334
261.228 177.75 228.212 -29.223 15 0.025237 0.719334
261.56 180.235 230.388 -29.3064 15 0.025665 0.628725
261.892 182.845 232.286 -29.3892 15 0.0257872 0.535391
262.224 185.563 233.898 -29.4707 15 0.0255094 0.439541
262.556 188.371 235.219 -29.5499 15 0.0247627 0.341475
262.887 191.251 236.242 -29.6256 15 0.0235096 0.241585
263.219 194.184 236.965 -29.6966 15 0.021749 0.140346
263.551 197.153 237.384 -29.7618 15 0.0195194 0.0383006
263.883 200.138 237.499 -29.8201 15 0.0168987 6.21922
264.215 203.12 237.308 -29.8706 15 0.0140017 6.11732
264.547 206.082 236.812 -29.9127 15 0.0109741 6.01637
264.879 209.003 236.013 -29.9459 15 0.00798533 5.9169
265.211 211.867 234.915 -29.9704 15 0.00521961 5.81935
265.543 214.654 233.521 -29.9867 15 0.00286811 5.72411
265.875 217.346 231.836 -29.9958 15 0.00112209 5.63145
266.207 219.927 229.868 -29.9994 15 0.000167978 5.54154
266.539 222.378 227.622 -30 15 -0 5.49779
266.905 222.378 227.622 -30 15 -0 5.49779
267.27 225 225 -30 15 -0 5.49779
267.296 225 225 -30 15 -0 5.49779
267.321 225.184 224.816 -30 15 0.000162589 5.44698
267.658 225.184 224.816 -30 15 0.000162589 5.44698
267.994 227.505 222.247 -30.0006 15 0.00104428 5.34855
268.33 229.628 219.371 -30.0043 15 0.00257609 5.25407
268.666 231.534 216.205 -30.0138 15 0.00453929 5.16339
269.002 233.201 212.763 -30.0312 15 0.00674989 5.07633
269.338 234.609 209.064 -30.0579 15 0.00905696 4.99265
269.675 235.742 205.128 -30.095 15 0.0113395 4.91212
270.011 236.583 200.975 -30.143 15 0.0135028 4.83448
270.347 237.117 196.627 -30.2022 15 0.0154743 4.75949
270.683 237.33 192.106 -30.2722 15 0.0172004 4.68692
271.019 237.211 187.435 -30.3526 15 0.0186429 4.61655
271.355 236.75 182.64 -30.4424 15 0.0197763 4.54819
271.523 235.939 177.745 -30.5406 15 0.0204204 4.49818
271.692 235.4 175.268 -30.5923 15 0.020743 4.46532
271.86 234.771 172.776 -30.6457 15 0.0209826 4.43287
272.028 234.052 170.272 -30.7003 15 0.0211394 4.4008
272.196 233.243 167.759 -30.7562 15 0.0212137 4.3691
272.364 232.343 165.24 -30.8129 15 0.0212064 4.33774
272.532 231.351 162.719 -30.8704 15 0.0211186 4.3067
272.7 230.269 160.199 -30.9283 15 0.0209516 4.27599
272.868 229.096 157.683 -30.9865 15 0.0208463 4.26067
273.163 229.096 157.683 -30.9865 15 0.0208463 4.26067
273.459 226.954 153.27 -31.0887 15 0.0208463 4.26067
273.754 224.813 148.856 -31.191 15 0.0208463 4.26067
274.049 222.672 144.443 -31.2933 15 0.0208463 4.26067
274.345 220.531 140.03 -31.3956 15 0.0208463 4.26067
274.64 218.389 135.616 -31.4978 15 0.0208463 4.26067
274.935 216.248 131.203 -31.6001 15 0.0208463 4.26067
275.231 214.107 126.789 -31.7024 15 0.0208463 4.26067
275.526 211.965 122.376 -31.8047 15 0.0208463 4.26067
275.821 209.824 117.962 -31.9069 15 0.0208463 4.26067
276.117 207.683 113.549 -32.0092 15 0.0208463 4.26067
276.412 205.542 109.136 -32.1115 15 0.0208463 4.26067
276.707 203.4 104.722 -32.2138 15 0.0208463 4.26067
277.003 201.259 100.309 -32.316 15 0.0208463 4.26067
277.298 199.118 95.8954 -32.4183 15 0.0208463 4.26067
277.593 196.976 91.4819 -32.5206 15 0.0208463 4.26067
277.889 194.835 87.0685 -32.6229 15 0.0208463 4.26067
278.184 192.694 82.6551 -32.7251 15 0.0208463 4.26067
278.479 190.552 78.2417 -32.8274 15 0.0208463 4.26067
278.775 188.411 73.8282 -32.9297 15 0.0208463 4.26067
279.07 186.27 69.4148 -33.032 15 0.0208463 4.26067
279.365 184.129 65.0014 -33.1342 15 0.0208463 4.26067
279.661 181.987 60.588 -33.2365 15 0.0208463 4.26067
279.956 179.846 56.1746 -33.3388 15 0.0208463 4.26067
280.251 177.705 51.7611 -33.4411 15 0.0208463 4.26067
280.547 175.563 47.3477 -33.5433 15 0.0208463 4.26067
280.842 173.422 42.9343 -33.6456 15 0.0208463 4.26067
281.137 171.281 38.5209 -33.7479 15 0.0208463 4.26067
281.433 169.14 34.1074 -33.8502 15 0.0208463 4.26067
281.728 166.998 29.694 -33.9524 15 0.0208463 4.26067
282.023 164.857 25.2806 -34.0547 15 0.0208463 4.26067
282.319 162.716 20.8672 -34.157 15 0.0208463 4.26067
282.614 160.574 16.4538 -34.2593 15 0.0208463 4.26067
282.845 160.574 16.4538 -34.2593 15 0.0208463 4.26067
283.076 158.899 13.0016 -34.3393 15 0.0208463 4.26067
283.307 157.225 9.54935 -34.4193 15 0.0208463 4.26067
283.538 155.55 6.09714 -34.4993 15 0.0208463 4.26067
283.769 153.875 2.64494 -34.5793 15 0.0208463 4.26067
284 152.2 -0.807268 -34.6593 15 0.0208463 4.26067
284.231 150.525 -4.25947 -34.7393 15 0.0208463 4.26067
284.462 148.85 -7.71168 -34.8193 15 0.0208463 4.26067
284.693 147.175 -11.1639 -34.8993 15 0.0208463 4.26067
284.924 145.5 -14.6161 -34.9793 15 0.0208463 4.26067
285.155 143.825 -18.0683 -35.0593 15 0.0208463 4.26067
285.386 142.15 -21.5205 -35.1393 15 0.0208463 4.26067
285.617 140.475 -24.9727 -35.2193 15 0.0208463 4.26067
285.848 138.8 -28.4249 -35.2993 15 0.0208463 4.26067
286.079 137.125 -31.8771 -35.3793 15 0.0208463 4.26067
286.31 135.45 -35.3293 -35.4593 15 0.0208463 4.26067
286.541 133.775 -38.7815 -35.5393 15 0.0208463 4.26067
286.772 132.101 -42.2337 -35.6193 15 0.0208463 4.26067
287.003 130.426 -45.6859 -35.6993 15 0.0208463 4.26067
287.234 128.751 -49.1381 -35.7793 15 0.0208463 4.26067
287.465 127.076 -52.5903 -35.8593 15 0.0208463 4.26067
287.696 125.401 -56.0425 -35.9393 15 0.0208463 4.26067
287.927 123.726 -59.4948 -36.0193 15 0.0208463 4.26067
288.158 122.051 -62.947 -36.0993 15 0.0208463 4.26067
288.389 120.376 -66.3992 -36.1793 15 0.0208463 4.26067
288.62 118.701 -69.8514 -36.2593 15 0.0208463 4.26067
288.851 117.026 -73.3036 -36.3393 15 0.0208463 4.26067
289.082 115.351 -76.7558 -36.4193 15 0.0208463 4.26067
289.313 113.676 -80.208 -36.4993 15 0.0208463 4.26067
289.544 112.001 -83.6602 -36.5793 15 0.0208463 4.26067
289.776 110.326 -87.1124 -36.6593 15 0.0208463 4.26067
290.007 108.651 -90.5646 -36.7393 15 0.0208463 4.26067
290.238 106.977 -94.0168 -36.8193 15 0.0206516 4.24381
290.496 106.977 -94.0168 -36.8193 15 0.0206516 4.24381
290.755 105.023 -97.8764 -36.9086 15 0.0200341 4.21041
291.014 102.915 -101.717 -36.9964 15 0.019101 4.17733
291.273 100.654 -105.532 -37.0811 15 0.0178832 4.14456
291.531 98.24 -109.316 -37.1614 15 0.0164102 4.11208
291.79 95.6754 -113.062 -37.2359 15 0.0147098 4.07989
292.049 92.9616 -116.764 -37.3034 15 0.0128086 4.04796
292.308 90.1004 -120.417 -37.3629 15 0.0107319 4.01627
292.567 87.0939 -124.015 -37.4132 15 0.00850397 3.98482
292.825 83.9444 -127.552 -37.4535 15 0.00614802 3.95359
293.084 80.6545 -131.022 -37.4829 15 0.00368637 3.92258
293.343 77.2269 -134.419 -37.5006 15 0.00114055 3.89176
293.602 73.6648 -137.739 -37.5062 15 -0.00146861 3.86112
293.86 69.9713 -140.975 -37.499 15 -0.00412091 3.83066
294.119 66.1498 -144.123 -37.4786 15 -0.00679667 3.80037
294.249 62.2041 -147.178 -37.4447 15 -0.00880614 3.77776
294.378 60.1858 -148.668 -37.4226 15 -0.0101443 3.76273
294.507 58.1378 -150.134 -37.397 15 -0.0114776 3.74773
294.637 56.0608 -151.574 -37.368 15 -0.0128038 3.73277
294.766 53.9552 -152.987 -37.3355 15 -0.0141205 3.71784
294.896 51.8215 -154.373 -37.2996 15 -0.0154256 3.70295
295.025 49.6604 -155.733 -37.2602 15 -0.0167167 3.68808
295.154 47.4722 -157.064 -37.2174 15 -0.0179916 3.67325
295.284 45.2577 -158.366 -37.1712 15 -0.0192481 3.65845
295.413 43.0174 -159.639 -37.1216 15 -0.0204838 3.64367
295.542 40.7519 -160.883 -37.0686 15 -0.0216966 3.62892
295.672 38.4617 -162.097 -37.0124 15 -0.0228841 3.6142
295.801 36.1475 -163.28 -36.9529 15 -0.0240443 3.59951
295.931 33.81 -164.432 -36.8902 15 -0.0251748 3.58483
296.06 31.4496 -165.553 -36.8244 15 -0.0262734 3.57019
296.189 29.0672 -166.641 -36.7556 15 -0.0273378 3.55556
296.319 26.6632 -167.697 -36.6838 15 -0.0283659 3.54096
296.448 24.2384 -168.721 -36.6091 15 -0.0293553 3.52638
296.578 21.7934 -169.711 -36.5317 15 -0.0303037 3.51182
296.707 19.329 -170.667 -36.4515 15 -0.031209 3.49727
296.836 16.8457 -171.59 -36.3688 15 -0.0320687 3.48275
296.966 14.3442 -172.478 -36.2837 15 -0.0328806 3.46824
297.095 11.8253 -173.331 -36.1962 15 -0.0336423 3.45376
297.225 9.28971 -174.15 -36.1065 15 -0.0343515 3.43928
297.354 6.73803 -174.933 -36.0148 15 -0.0350058 3.42482
297.483 4.17102 -175.68 -35.9212 15 -0.0356028 3.41038
297.613 1.58941 -176.391 -35.8258 15 -0.0361401 3.39595
297.742 -1.0061 -177.066 -35.7288 15 -0.0366151 3.38153
297.872 -3.61475 -177.704 -35.6305 15 -0.0370255 3.36713
298.001 -6.23583 -178.305 -35.5308 15 -0.0373686 3.35273
298.13 -8.86859 -178.87 -35.4302 15 -0.037642 3.33835
298.26 -11.5123 -179.397 -35.3287 15 -0.0378429 3.32398
298.389 -14.1662 -179.886 -35.2265 15 -0.0379689 3.30961
298.518 -16.8295 -180.338 -35.1239 15 -0.0380172 3.29526
298.648 -19.5014 -180.752 -35.021 15 -0.0380455 3.28804
298.768 -19.5014 -180.752 -35.021 15 -0.0380455 3.28804
298.887 -21.9763 -181.117 -34.9258 15 -0.0380455 3.28804
299.007 -24.4511 -181.482 -34.8306 15 -0.0380455 3.28804
299.127 -26.9259 -181.847 -34.7354 15 -0.0380455 3.28804
299.247 -29.4007 -182.212 -34.6401 15 -0.0380455 3.28804
299.366 -31.8755 -182.577 -34.5449 15 -0.0380455 3.28804
299.486 -34.3504 -182.942 -34.4497 15 -0.0380455 3.28804
299.606 -36.8252 -183.307 -34.3545 15 -0.0380455 3.28804
299.726 -39.3 -183.672 -34.2593 15 -0.0380455 3.28804
299.859 -39.3 -183.672 -34.2593 15 -0.0380455 3.28804
299.993 -42.0594 -184.079 -34.1531 15 -0.0380455 3.28804
300.126 -44.8187 -184.486 -34.0469 15 -0.0380455 3.28804
300.26 -47.5781 -184.893 -33.9408 15 -0.0380455 3.28804
300.393 -50.3375 -185.3 -33.8346 15 -0.0380455 3.28804
300.527 -53.0969 -185.707 -33.7284 15 -0.0380455 3.28804
300.66 -55.8562 -186.114 -33.6222 15 -0.0380455 3.28804
300.794 -58.6156 -186.521 -33.5161 15 -0.0380455 3.28804
300.927 -61.375 -186.928 -33.4099 15 -0.0380455 3.28804
301.061 -64.1344 -187.335 -33.3037 15 -0.0380455 3.28804
301.194 -66.8937 -187.742 -33.1976 15 -0.0380455 3.28804
301.328 -69.6531 -188.149 -33.0914 15 -0.0380455 3.28804
301.461 -72.4125 -188.556 -32.9852 15 -0.0380455 3.28804
301.595 -75.1718 -188.963 -32.8791 15 -0.0380455 3.28804
301.729 -77.9312 -189.37 -32.7729 15 -0.0380455 3.28804
301.862 -80.6906 -189.777 -32.6667 15 -0.0380455 3.28804
301.996 -83.45 -190.184 -32.5606 15 -0.0380455 3.28804
302.129 -86.2093 -190.591 -32.4544 15 -0.0380455 3.28804
302.263 -88.9687 -190.998 -32.3482 15 -0.0380455 3.28804
302.396 -91.7281 -191.405 -32.2421 15 -0.0380455 3.28804
302.53 -94.4875 -191.812 -32.1359 15 -0.0380455 3.28804
302.663 -97.2468 -192.219 -32.0297 15 -0.0380455 3.28804
302.797 -100.006 -192.626 -31.9235 15 -0.0380455 3.28804
302.93 -102.766 -193.033 -31.8174 15 -0.0380455 3.28804
303.064 -105.525 -193.44 -31.7112 15 -0.0380455 3.28804
303.197 -108.284 -193.847 -31.605 15 -0.0380455 3.28804
303.331 -111.044 -194.254 -31.4989 15 -0.0380455 3.28804
303.464 -113.803 -194.661 -31.3927 15 -0.0380455 3.28804
303.598 -116.562 -195.068 -31.2865 15 -0.0380455 3.28804
303.731 -119.322 -195.475 -31.1804 15 -0.0380455 3.28804
303.865 -122.081 -195.882 -31.0742 15 -0.0380455 3.28804
303.998 -124.841 -196.289 -30.968 15 -0.0380455 3.28804
304.132 -127.6 -196.696 -30.8619 15 -0.0378942 3.28345
304.267 -127.6 -196.696 -30.8619 15 -0.0378942 3.28345
304.402 -130.393 -197.095 -30.7549 15 -0.0370623 3.27429
304.537 -133.19 -197.468 -30.6502 15 -0.0355171 3.26512
304.672 -135.993 -197.816 -30.5499 15 -0.0333661 3.25596
304.807 -138.799 -198.139 -30.4556 15 -0.030717 3.2468
304.942 -141.61 -198.435 -30.3688 15 -0.0276783 3.23765
305.077 -144.424 -198.707 -30.2905 15 -0.0243589 3.22849
305.212 -147.242 -198.952 -30.2216 15 -0.0208683 3.21934
305.347 -150.062 -199.172 -30.1625 15 -0.0173167 3.21019
305.482 -152.886 -199.366 -30.1135 15 -0.0138149 3.20104
305.617 -155.711 -199.534 -30.0744 15 -0.0104746 3.19189
305.752 -158.539 -199.676 -30.0448 15 -0.00740778 3.18275
305.887 -161.368 -199.793 -30.0238 15 -0.0047275 3.1736
306.022 -164.198 -199.883 -30.0104 15 -0.00254736 3.16446
306.157 -167.03 -199.948 -30.0032 15 -0.000981735 3.15531
306.292 -169.862 -199.987 -30.0004 15 -0.000145789 3.14617
306.427 -172.694 -200 -30 15 -0 3.14159
306.537 -172.694 -200 -30 15 -0 3.14159
