time x y z V_A gamma chi
0 37.5 0 0 15 -0 0
0.3125 37.5 0 0 15 -0 0
0.625 42.1875 0 0 15 -0 0
0.9375 46.875 0 0 15 -0 0
1.25 51.5625 0 0 15 -0 0
1.5625 56.25 0 0 15 -0 0
1.875 60.9375 0 0 15 -0 0
2.1875 65.625 0 0 15 -0 0
2.5 70.3125 0 0 15 -0 0
2.8125 75 0 0 15 0.0920468 0
2.98249 75 0 0 15 0.0920468 0
3.15248 77.5391 0 -0.234375 15 0.0920468 0
3.32247 80.0781 0 -0.46875 15 0.0920468 0
3.49246 82.6172 0 -0.703125 15 0.0920468 0
3.66245 85.1563 0 -0.9375 15 0.0920468 0
3.83244 87.6953 0 -1.17188 15 0.0920468 0
4.00243 90.2344 0 -1.40625 15 0.0920468 0
4.17242 92.7734 0 -1.64062 15 0.0920468 0
4.34241 95.3125 0 -1.875 15 0.0920468 0
4.5124 97.8516 0 -2.10938 15 0.0920468 0
4.6824 100.391 0 -2.34375 15 0.0920468 0
4.85239 102.93 0 -2.57813 15 0.0920468 0
5.02238 105.469 0 -2.8125 15 0.0920468 0
5.19237 108.008 0 -3.04688 15 0.0920468 0
5.36236 110.547 0 -3.28125 15 0.0920468 0
5.53235 113.086 0 -3.51562 15 0.0920468 0
5.70234 115.625 0 -3.75 15 0.0920468 0
5.87233 118.164 0 -3.98438 15 0.0920468 0
6.04232 120.703 0 -4.21875 15 0.0920468 0
6.21231 123.242 0 -4.45313 15 0.0920468 0
6.3823 125.781 0 -4.6875 15 0.0920468 0
6.55229 128.32 0 -4.92187 15 0.0920468 0
6.72228 130.859 0 -5.15625 15 0.0920468 0
6.89227 133.398 0 -5.39063 15 0.0920468 0
7.06226 135.938 0 -5.625 15 0.0920468 0
7.23225 138.477 0 -5.85938 15 0.0920468 0
7.40224 141.016 0 -6.09375 15 0.0920468 0
7.57223 143.555 0 -6.32812 15 0.0920468 0
7.74222 146.094 0 -6.5625 15 0.0920468 0
7.91221 148.633 0 -6.79687 15 0.0920468 0
8.0822 151.172 0 -7.03125 15 0.0920468 0
8.25219 153.711 0 -7.26562 15 0.0920468 0
8.42219 156.25 0 -7.5 15 0.0920468 0
8.59218 158.789 0 -7.73438 15 0.0920468 0
8.76217 161.328 0 -7.96875 15 0.0920468 0
8.93216 163.867 0 -8.20313 15 0.0920468 0
9.10215 166.406 0 -8.4375 15 0.0920468 0
9.27214 168.945 0 -8.67188 15 0.0920468 0
9.44213 171.484 0 -8.90625 15 0.0920468 0
9.61212 174.023 0 -9.14063 15 0.0920468 0
9.78211 176.563 0 -9.375 15 0.0920468 0
9.9521 179.102 0 -9.60938 15 0.0920468 0
10.1221 181.641 0 -9.84375 15 0.0920468 0
10.2921 184.18 0 -10.0781 15 0.0920468 0
10.4621 186.719 0 -10.3125 15 0.0920468 0
10.6321 189.258 0 -10.5469 15 0.0920468 0
10.8021 191.797 0 -10.7813 15 0.0920468 0
10.972 194.336 0 -11.0156 15 0.0920468 0
11.142 196.875 0 -11.25 15 0.0920468 0
11.312 199.414 0 -11.4844 15 0.0920468 0
11.482 201.953 0 -11.7188 15 0.0920468 0
11.652 204.492 0 -11.9531 15 0.0920468 0
11.822 207.031 0 -12.1875 15 0.0920468 0
11.992 209.57 0 -12.4219 15 0.0920468 0
12.162 212.109 0 -12.6562 15 0.0920468 0
12.332 214.648 0 -12.8906 15 0.0920468 0
12.502 217.188 0 -13.125 15 0.0920468 0
12.6719 219.727 0 -13.3594 15 0.0920468 0
12.8419 222.266 0 -13.5937 15 0.0920468 0
13.0119 224.805 0 -13.8281 15 0.0920468 0
13.1819 227.344 0 -14.0625 15 0.0920468 0
13.3519 229.883 0 -14.2969 15 0.0920468 0
13.5219 232.422 0 -14.5312 15 0.0920468 0
13.6919 234.961 0 -14.7656 15 0.0920468 0
13.8619 237.5 0 -15 15 0.0920468 0
14.0319 237.5 0 -15 15 0.0920468 0
14.2019 240.039 0 -15.2344 15 0.0920468 0
14.3719 242.578 0 -15.4688 15 0.0920468 0
14.5418 245.117 0 -15.7031 15 0.0920468 0
14.7118 247.656 0 -15.9375 15 0.0920468 0
14.8818 250.195 0 -16.1719 15 0.0920468 0
15.0518 252.734 0 -16.4063 15 0.0920468 0
15.2218 255.273 0 -16.6406 15 0.0920468 0
15.3918 257.813 0 -16.875 15 0.0920468 0
15.5618 260.352 0 -17.1094 15 0.0920468 0
15.7318 262.891 0 -17.3438 15 0.0920468 0
15.9018 265.43 0 -17.5781 15 0.0920468 0
16.0718 267.969 0 -17.8125 15 0.0920468 0
16.2417 270.508 0 -18.0469 15 0.0920468 0
16.4117 273.047 0 -18.2813 15 0.0920468 0
16.5817 275.586 0 -18.5156 15 0.0920468 0
16.7517 278.125 0 -18.75 15 0.0920468 0
16.9217 280.664 0 -18.9844 15 0.0920468 0
17.0917 283.203 0 -19.2188 15 0.0920468 0
17.2617 285.742 0 -19.4531 15 0.0920468 0
17.4317 288.281 0 -19.6875 15 0.0920468 0
17.6017 290.82 0 -19.9219 15 0.0920468 0
17.7717 293.359 0 -20.1563 15 0.0920468 0
17.9417 295.898 0 -20.3906 15 0.0920468 0
18.1116 298.438 0 -20.625 15 0.0920468 0
18.2816 300.977 0 -20.8594 15 0.0920468 0
18.4516 303.516 0 -21.0938 15 0.0920468 0
18.6216 306.055 0 -21.3281 15 0.0920468 0
18.7916 308.594 0 -21.5625 15 0.0920468 0
18.9616 311.133 0 -21.7969 15 0.0920468 0
19.1316 313.672 0 -22.0313 15 0.0920468 0
19.3016 316.211 0 -22.2656 15 0.0920468 0
19.4716 318.75 0 -22.5 15 0.0920468 0
19.6416 321.289 0 -22.7344 15 0.0920468 0
19.8115 323.828 0 -22.9688 15 0.0920468 0
19.9815 326.367 0 -23.2031 15 0.0920468 0
20.1515 328.906 0 -23.4375 15 0.0920468 0
20.3215 331.445 0 -23.6719 15 0.0920468 0
20.4915 333.984 0 -23.9063 15 0.0920468 0
20.6615 336.523 0 -24.1406 15 0.0920468 0
20.8315 339.063 0 -24.375 15 0.0920468 0
21.0015 341.602 0 -24.6094 15 0.0920468 0
21.1715 344.141 0 -24.8438 15 0.0920468 0
21.3415 346.68 0 -25.0781 15 0.0920468 0
21.5115 349.219 0 -25.3125 15 0.0920468 0
21.6814 351.758 0 -25.5469 15 0.0920468 0
21.8514 354.297 0 -25.7813 15 0.0920468 0
22.0214 356.836 0 -26.0156 15 0.0920468 0
22.1914 359.375 0 -26.25 15 0.0920468 0
22.3614 361.914 0 -26.4844 15 0.0920468 0
22.5314 364.453 0 -26.7188 15 0.0920468 0
22.7014 366.992 0 -26.9531 15 0.0920468 0
22.8714 369.531 0 -27.1875 15 0.0920468 0
23.0414 372.07 0 -27.4219 15 0.0920468 0
23.2114 374.609 0 -27.6563 15 0.0920468 0
23.3813 377.148 0 -27.8906 15 0.0920468 0
23.5513 379.688 0 -28.125 15 0.0920468 0
23.7213 382.227 0 -28.3594 15 0.0920468 0
23.8913 384.766 0 -28.5938 15 0.0920468 0
24.0613 387.305 0 -28.8281 15 0.0920468 0
24.2313 389.844 0 -29.0625 15 0.0920468 0
24.4013 392.383 0 -29.2969 15 0.0920468 0
24.5713 394.922 0 -29.5313 15 0.0920468 0
24.7413 397.461 0 -29.7656 15 0.0920468 0
24.9113 400 0 -30 15 -0 0
25.1196 400 0 -30 15 -0 0
25.3279 403.125 0 -30 15 -0 0
25.5363 406.25 0 -30 15 -0 0
25.7446 409.375 0 -30 15 -0 0
25.9529 412.5 0 -30 15 -0 0
26.1613 415.625 0 -30 15 -0 0
26.3696 418.75 0 -30 15 -0 0
26.5779 421.875 0 -30 15 -0 0
26.7863 425 0 -30 15 -0 0
27.065 425 0 -30 15 -0 0
27.3438 429.182 0 -30 15 -9.28175e-005 0.0101419
27.5158 429.182 0 -30 15 -9.28175e-005 0.0101419
27.6877 431.761 0.0261595 -29.9998 15 -0.000623839 0.0304257
27.8597 434.339 0.104627 -29.9982 15 -0.00161523 0.0507096
28.0316 436.915 0.235371 -29.994 15 -0.002991 0.0709934
28.2036 439.488 0.418336 -29.9863 15 -0.00467632 0.0912772
28.3756 442.057 0.653449 -29.9742 15 -0.00659754 0.111561
28.5475 444.62 0.940611 -29.9572 15 -0.00868219 0.131845
28.7195 447.177 1.27971 -29.9348 15 -0.010859 0.152129
28.8915 449.727 1.67059 -29.9068 15 -0.0130578 0.172413
29.0634 452.268 2.11311 -29.8731 15 -0.0152097 0.192696
29.2354 454.799 2.60708 -29.8339 15 -0.0172471 0.21298
29.4073 457.32 3.15229 -29.7894 15 -0.0191033 0.233264
29.5793 459.83 3.74853 -29.7401 15 -0.0207131 0.253548
29.7513 462.327 4.39554 -29.6867 15 -0.0220125 0.273832
29.9232 464.81 5.09307 -29.6299 15 -0.0229384 0.294115
30.0952 467.279 5.84081 -29.5707 15 -0.0234292 0.314399
30.2671 469.732 6.63848 -29.5103 15 -0.0235204 0.324541
30.4972 469.732 6.63848 -29.5103 15 -0.0235204 0.324541
30.7272 473.001 7.7384 -29.4291 15 -0.0235204 0.324541
30.9572 476.27 8.83832 -29.348 15 -0.0235204 0.324541
31.1872 479.54 9.93824 -29.2668 15 -0.0235204 0.324541
31.4173 482.809 11.0382 -29.1857 15 -0.0235204 0.324541
31.6473 486.078 12.1381 -29.1045 15 -0.0235204 0.324541
31.8773 489.348 13.238 -29.0234 15 -0.0235204 0.324541
32.1073 492.617 14.3379 -28.9422 15 -0.0235204 0.324541
32.3374 495.886 15.4378 -28.8611 15 -0.0235204 0.324541
32.5674 499.156 16.5378 -28.7799 15 -0.0235204 0.324541
32.7974 502.425 17.6377 -28.6988 15 -0.0235204 0.324541
33.0274 505.694 18.7376 -28.6176 15 -0.0235204 0.324541
33.2574 508.964 19.8375 -28.5365 15 -0.0235204 0.324541
33.4875 512.233 20.9374 -28.4554 15 -0.0235204 0.324541
33.7175 515.502 22.0374 -28.3742 15 -0.0235204 0.324541
33.9475 518.772 23.1373 -28.2931 15 -0.0235204 0.324541
34.1775 522.041 24.2372 -28.2119 15 -0.0235204 0.324541
34.4076 525.31 25.3371 -28.1308 15 -0.0235204 0.324541
34.6376 528.579 26.437 -28.0496 15 -0.0235204 0.324541
34.8676 531.849 27.537 -27.9685 15 -0.0235204 0.324541
35.0976 535.118 28.6369 -27.8873 15 -0.0235204 0.324541
35.3277 538.387 29.7368 -27.8062 15 -0.0235204 0.324541
35.5577 541.657 30.8367 -27.725 15 -0.0235204 0.324541
35.7877 544.926 31.9367 -27.6439 15 -0.0235204 0.324541
36.0177 548.195 33.0366 -27.5627 15 -0.0235204 0.324541
36.2477 551.465 34.1365 -27.4816 15 -0.0235204 0.324541
36.4778 554.734 35.2364 -27.4005 15 -0.0235204 0.324541
36.7078 558.003 36.3363 -27.3193 15 -0.0235204 0.324541
36.9378 561.273 37.4363 -27.2382 15 -0.0235204 0.324541
37.1678 564.542 38.5362 -27.157 15 -0.0235204 0.324541
37.3979 567.811 39.6361 -27.0759 15 -0.0235204 0.324541
37.6279 571.081 40.736 -26.9947 15 -0.0235204 0.324541
37.8579 574.35 41.8359 -26.9136 15 -0.0235204 0.324541
38.1745 574.35 41.8359 -26.9136 15 -0.0235204 0.324541
38.4911 578.849 43.3497 -26.8019 15 -0.0235204 0.324541
38.8076 583.349 44.8635 -26.6902 15 -0.0235204 0.324541
39.1242 587.848 46.3773 -26.5785 15 -0.0235204 0.324541
39.4408 592.348 47.8911 -26.4669 15 -0.0235204 0.324541
39.7574 596.847 49.4049 -26.3552 15 -0.0235204 0.324541
40.0739 601.347 50.9187 -26.2435 15 -0.0235204 0.324541
40.3905 605.846 52.4325 -26.1318 15 -0.0235204 0.324541
40.7071 610.346 53.9463 -26.0201 15 -0.0233463 0.355052
40.9635 610.346 53.9463 -26.0201 15 -0.0233463 0.355052
41.22 613.951 55.283 -25.9304 15 -0.0223266 0.416073
41.4764 617.468 56.837 -25.8445 15 -0.0204113 0.477094
41.7328 620.884 58.6026 -25.766 15 -0.0177299 0.538116
41.9893 624.185 60.5732 -25.6978 15 -0.0144046 0.599137
42.2457 627.36 62.7415 -25.6424 15 -0.0105508 0.660158
42.5022 630.397 65.0993 -25.6019 15 -0.00627682 0.72118
42.7586 633.285 67.638 -25.5777 15 -0.00168442 0.782201
43.015 636.013 70.3481 -25.5713 15 0.00313178 0.843222
43.2715 638.57 73.2195 -25.5833 15 0.00808401 0.904243
43.5279 640.947 76.2415 -25.6144 15 0.0130915 0.965265
43.7844 643.136 79.4028 -25.6647 15 0.0180804 1.02629
44.0408 645.127 82.6917 -25.7343 15 0.0229839 1.08731
44.2972 646.915 86.0959 -25.8226 15 0.0277425 1.14833
44.5537 648.491 89.6028 -25.9293 15 0.0323033 1.20935
44.8101 649.851 93.1993 -26.0536 15 0.036621 1.27037
45.0666 650.989 96.872 -26.1945 15 0.0406569 1.33139
45.323 651.9 100.607 -26.3509 15 0.0443798 1.39241
45.5794 652.583 104.391 -26.5216 15 0.0477652 1.45344
45.8359 653.033 108.21 -26.7054 15 0.0507958 1.51446
46.0923 653.249 112.049 -26.9009 15 0.0534613 1.57548
46.3488 653.231 115.893 -27.1066 15 0.0557583 1.6365
46.6052 652.979 119.73 -27.3212 15 0.0576905 1.69752
46.8616 652.493 123.544 -27.5433 15 0.0592684 1.75854
47.1181 651.775 127.322 -27.7715 15 0.0605093 1.81956
47.3745 650.829 131.048 -28.0044 15 0.0614379 1.88058
47.631 649.656 134.71 -28.2409 15 0.0620853 1.94161
47.8874 648.263 138.294 -28.4799 15 0.0624898 2.00263
48.1439 646.654 141.786 -28.7205 15 0.0626966 2.06365
48.4003 644.835 145.173 -28.9619 15 0.0627578 2.12467
48.6567 642.812 148.443 -29.2035 15 0.0627324 2.18569
48.9132 640.594 151.584 -29.445 15 0.0626866 2.24671
49.1696 638.189 154.583 -29.6864 15 0.0627711 2.27722
49.2405 638.189 154.583 -29.6864 15 0.0627711 2.27722
49.3114 637.5 155.391 -29.7531 15 0.0627709 2.27722
49.5068 637.5 155.391 -29.7531 15 0.0627709 2.27722
49.7023 635.601 157.616 -29.937 15 0.0627709 2.27722
49.8977 633.701 159.842 -30.1209 15 0.0627768 2.30496
50.1645 633.701 159.842 -30.1209 15 0.0627768 2.30496
50.4312 631.026 162.806 -30.3719 15 0.0627446 2.36043
50.6979 628.191 165.618 -30.6227 15 0.0626302 2.4159
50.9647 625.205 168.267 -30.8731 15 0.0623845 2.47137
51.2314 622.075 170.747 -31.1225 15 0.0619638 2.52684
51.4982 618.814 173.05 -31.3703 15 0.0613301 2.58231
51.7649 615.429 175.169 -31.6154 15 0.0604512 2.63778
52.0317 611.933 177.096 -31.8571 15 0.0593002 2.69325
52.2984 608.335 178.827 -32.0941 15 0.0578563 2.74872
52.5651 604.646 180.356 -32.3254 15 0.056104 2.80419
52.8319 600.878 181.677 -32.5497 15 0.0540335 2.85966
53.0986 597.043 182.788 -32.7656 15 0.0516408 2.91513
53.3654 593.152 183.685 -32.972 15 0.0489275 2.9706
53.6321 589.218 184.364 -33.1675 15 0.0459007 3.02608
53.8989 585.252 184.824 -33.3509 15 0.0425735 3.08155
54.1656 581.266 185.064 -33.521 15 0.0389645 3.13702
54.4323 577.273 185.082 -33.6766 15 0.035098 3.19249
54.6991 573.286 184.879 -33.8168 15 0.0310042 3.24796
54.9658 569.316 184.455 -33.9407 15 0.0267191 3.30343
55.2326 565.375 183.812 -34.0474 15 0.0222842 3.3589
55.4993 561.476 182.951 -34.1364 15 0.0177469 3.41437
55.7661 557.631 181.875 -34.2072 15 0.0131606 3.46984
56.0328 553.852 180.588 -34.2598 15 0.00858394 3.52531
56.2995 550.149 179.093 -34.294 15 0.00408172 3.58078
56.5663 546.535 177.396 -34.3103 15 -0.000275766 3.63625
56.833 543.021 175.5 -34.3092 15 -0.00441252 3.69172
57.0998 539.618 173.413 -34.2916 15 -0.00824688 3.74719
57.3665 536.335 171.14 -34.2587 15 -0.0116916 3.80266
57.6333 533.183 168.688 -34.212 15 -0.0146537 3.85813
57.9 530.172 166.066 -34.1535 15 -0.0170347 3.9136
58.1667 527.312 163.281 -34.0855 15 -0.0187304 3.96908
58.4335 524.61 160.341 -34.0107 15 -0.019631 4.02455
58.7002 522.075 157.256 -33.9323 15 -0.01975 4.05228
58.9308 522.075 157.256 -33.9323 15 -0.01975 4.05228
59.1614 519.954 154.525 -33.864 15 -0.01975 4.05228
59.3919 517.834 151.794 -33.7957 15 -0.01975 4.05228
59.6225 515.714 149.062 -33.7274 15 -0.01975 4.05228
59.853 513.593 146.331 -33.6591 15 -0.01975 4.05228
60.0836 511.473 143.6 -33.5908 15 -0.01975 4.05228
60.3142 509.353 140.868 -33.5225 15 -0.01975 4.05228
60.5447 507.233 138.137 -33.4542 15 -0.01975 4.05228
60.7753 505.112 135.406 -33.3859 15 -0.01975 4.05228
61.0058 502.992 132.674 -33.3176 15 -0.01975 4.05228
61.2364 500.872 129.943 -33.2493 15 -0.01975 4.05228
61.467 498.751 127.211 -33.181 15 -0.01975 4.05228
61.6975 496.631 124.48 -33.1127 15 -0.01975 4.05228
61.9281 494.511 121.749 -33.0444 15 -0.01975 4.05228
62.1586 492.391 119.017 -32.9761 15 -0.01975 4.05228
62.3892 490.27 116.286 -32.9078 15 -0.01975 4.05228
62.6198 488.15 113.555 -32.8395 15 -0.01975 4.05228
62.8346 488.15 113.555 -32.8395 15 -0.01975 4.05228
63.0495 486.174 111.009 -32.7759 15 -0.01975 4.05228
63.2644 484.198 108.463 -32.7122 15 -0.01975 4.05228
63.4793 482.222 105.918 -32.6485 15 -0.01975 4.05228
63.6942 480.246 103.372 -32.5849 15 -0.01975 4.05228
63.9091 478.269 100.827 -32.5212 15 -0.01975 4.05228
64.1239 476.293 98.2809 -32.4576 15 -0.01975 4.05228
64.3388 474.317 95.7353 -32.3939 15 -0.01975 4.05228
64.5537 472.341 93.1896 -32.3303 15 -0.01975 4.05228
64.7686 470.365 90.644 -32.2666 15 -0.01975 4.05228
64.9835 468.389 88.0984 -32.203 15 -0.01975 4.05228
65.1984 466.413 85.5527 -32.1393 15 -0.01975 4.05228
65.4132 464.437 83.0071 -32.0756 15 -0.01975 4.05228
65.6281 462.46 80.4615 -32.012 15 -0.01975 4.05228
65.843 460.484 77.9159 -31.9483 15 -0.01975 4.05228
66.0579 458.508 75.3702 -31.8847 15 -0.01975 4.05228
66.2728 456.532 72.8246 -31.821 15 -0.01975 4.05228
66.4877 454.556 70.279 -31.7574 15 -0.01975 4.05228
66.7025 452.58 67.7333 -31.6937 15 -0.01975 4.05228
66.9174 450.604 65.1877 -31.6301 15 -0.01975 4.05228
67.1323 448.628 62.6421 -31.5664 15 -0.01975 4.05228
67.3472 446.652 60.0964 -31.5027 15 -0.01975 4.05228
67.5621 444.675 57.5508 -31.4391 15 -0.01975 4.05228
67.777 442.699 55.0052 -31.3754 15 -0.01975 4.05228
67.9918 440.723 52.4595 -31.3118 15 -0.01975 4.05228
68.2067 438.747 49.9139 -31.2481 15 -0.01975 4.05228
68.4216 436.771 47.3683 -31.1845 15 -0.01975 4.05228
68.6365 434.795 44.8226 -31.1208 15 -0.01975 4.05228
68.8514 432.819 42.277 -31.0572 15 -0.01975 4.05228
69.0663 430.843 39.7314 -30.9935 15 -0.01975 4.05228
69.2811 428.866 37.1858 -30.9299 15 -0.01975 4.05228
69.496 426.89 34.6401 -30.8662 15 -0.01975 4.05228
69.7109 424.914 32.0945 -30.8025 15 -0.0196882 4.03295
70.0387 424.914 32.0945 -30.8025 15 -0.0196882 4.03295
70.3665 421.826 28.2707 -30.7058 15 -0.0193199 3.99429
70.6942 418.591 24.5691 -30.6108 15 -0.0186138 3.95562
71.022 415.217 20.9953 -30.5193 15 -0.0176058 3.91696
71.3498 411.706 17.5546 -30.4327 15 -0.016336 3.8783
71.6776 408.066 14.2522 -30.3524 15 -0.0148478 3.83963
72.0054 404.3 11.093 -30.2794 15 -0.0131881 3.80097
72.3331 400.415 8.08167 -30.2146 15 -0.0114077 3.76231
72.6609 396.416 5.22279 -30.1585 15 -0.00956079 3.72364
72.9887 392.31 2.5206 -30.1115 15 -0.00770529 3.68498
73.3165 388.103 -0.0208627 -30.0737 15 -0.00590266 3.64632
73.6443 383.8 -2.39779 -30.0446 15 -0.00421798 3.60765
73.972 379.409 -4.60664 -30.0239 15 -0.00271994 3.56899
74.2998 374.936 -6.6441 -30.0105 15 -0.00148081 3.53033
74.6276 370.387 -8.50713 -30.0033 15 -0.000576466 3.49167
74.9554 365.77 -10.1929 -30.0004 15 -8.63761e-005 3.453
75.2831 361.091 -11.699 -30 15 -0 3.43367
75.4757 361.091 -11.699 -30 15 -0 3.43367
75.6683 358.325 -12.5308 -30 15 -0 3.43367
75.8609 355.559 -13.3625 -30 15 -0 3.43367
76.0534 352.792 -14.1943 -30 15 -0 3.43367
76.246 350.026 -15.026 -30 15 -0 3.43367
76.4878 350.026 -15.026 -30 15 -0 3.43367
76.7295 346.553 -16.0702 -30 15 -0 3.43367
76.9713 343.08 -17.1144 -30 15 -0 3.43367
77.2131 339.607 -18.1587 -30 15 -0 3.43367
77.4548 336.134 -19.2029 -30 15 -0 3.4
77.7378 336.134 -19.2029 -30 15 -0 3.4
78.0208 332.031 -20.2875 -30 15 -0 3.33266
78.3038 327.864 -21.0935 -30 15 -0 3.26531
78.5868 323.652 -21.6172 -30 15 -0 3.19797
78.8698 319.415 -21.8564 -30 15 -0 3.13063
79.1529 315.171 -21.8099 -30 15 -0 3.06329
79.4359 310.94 -21.4779 -30 15 -0 2.99595
79.7189 306.74 -20.8619 -30 15 -0 2.9286
80.0019 302.592 -19.9647 -30 15 -0 2.86126
80.2849 298.513 -18.7904 -30 15 -0 2.79392
80.5679 294.523 -17.3444 -30 15 -0 2.72658
80.8509 290.639 -15.6331 -30 15 -0 2.65923
81.1339 286.879 -13.6643 -30 15 -0 2.59189
81.4169 283.26 -11.447 -30 15 -0 2.52455
81.6999 279.798 -8.99113 -30 15 -0 2.45721
81.9829 276.51 -6.30792 -30 15 -0 2.38987
82.2659 273.41 -3.40951 -30 15 -0 2.35619
82.5873 273.41 -3.40951 -30 15 -0 2.35619
82.9088 270 0 -30 15 -0 2.35619
83.1248 270 0 -30 15 -0 2.35619
83.3408 267.709 2.29093 -30 15 -0 2.35619
83.5568 265.418 4.58186 -30 15 -0.000142529 2.38143
83.8404 265.418 4.58186 -30 15 -0.000142529 2.38143
84.1241 262.335 7.51344 -29.9994 15 -0.000945389 2.43192
84.4078 259.107 10.2857 -29.9954 15 -0.00241151 2.4824
84.6915 255.744 12.8916 -29.9851 15 -0.00439725 2.53288
84.9751 252.254 15.3244 -29.9664 15 -0.00676846 2.58336
85.2588 248.645 17.578 -29.9376 15 -0.00940048 2.63384
85.5425 244.927 19.6467 -29.8976 15 -0.0121782 2.68432
85.8261 241.11 21.5251 -29.8458 15 -0.0149959 2.7348
86.1098 237.202 23.2085 -29.782 15 -0.0177576 2.78528
86.3935 233.215 24.6926 -29.7064 15 -0.0203767 2.83576
86.6771 229.158 25.9736 -29.6197 15 -0.0227762 2.88624
86.9608 225.041 27.0483 -29.5228 15 -0.0248887 2.93672
87.2445 220.875 27.9138 -29.4169 15 -0.0266563 2.9872
87.5282 216.671 28.5681 -29.3034 15 -0.0280306 3.03768
87.8118 212.44 29.0094 -29.1842 15 -0.0289727 3.08816
88.0955 208.191 29.2366 -29.0609 15 -0.0294533 3.13864
88.3792 203.937 29.2491 -28.9355 15 -0.029544 3.16388
88.5914 203.937 29.2491 -28.9355 15 -0.029544 3.16388
88.8037 200.755 29.1782 -28.8415 15 -0.029544 3.16388
89.0159 197.573 29.1073 -28.7474 15 -0.029544 3.16388
89.2282 194.392 29.0363 -28.6534 15 -0.029544 3.16388
89.4404 191.21 28.9654 -28.5593 15 -0.029544 3.16388
89.6527 188.028 28.8945 -28.4653 15 -0.029544 3.16388
89.865 184.847 28.8235 -28.3712 15 -0.029544 3.16388
90.0772 181.665 28.7526 -28.2772 15 -0.029544 3.16388
90.2895 178.483 28.6816 -28.1831 15 -0.029544 3.16388
90.5017 175.302 28.6107 -28.0891 15 -0.029544 3.16388
90.714 172.12 28.5398 -27.995 15 -0.029544 3.16388
90.9262 168.939 28.4688 -27.901 15 -0.029544 3.16388
91.1385 165.757 28.3979 -27.8069 15 -0.029544 3.16388
91.3507 162.575 28.327 -27.7129 15 -0.029544 3.16388
91.563 159.394 28.256 -27.6188 15 -0.029544 3.16388
91.7752 156.212 28.1851 -27.5248 15 -0.029544 3.16388
91.9875 153.03 28.1141 -27.4307 15 -0.029544 3.16388
92.1998 149.849 28.0432 -27.3367 15 -0.029544 3.16388
92.412 146.667 27.9723 -27.2426 15 -0.029544 3.16388
92.6243 143.485 27.9013 -27.1486 15 -0.029544 3.16388
92.8365 140.304 27.8304 -27.0545 15 -0.029544 3.16388
93.0488 137.122 27.7595 -26.9605 15 -0.029544 3.16388
93.261 133.94 27.6885 -26.8664 15 -0.029544 3.16388
93.4733 130.759 27.6176 -26.7724 15 -0.029544 3.16388
93.6855 127.577 27.5466 -26.6783 15 -0.029544 3.16388
93.8978 124.396 27.4757 -26.5843 15 -0.029544 3.16388
94.1101 121.214 27.4048 -26.4902 15 -0.029544 3.16388
94.3223 118.032 27.3338 -26.3962 15 -0.029544 3.16388
94.5346 114.851 27.2629 -26.3021 15 -0.029544 3.16388
94.7468 111.669 27.192 -26.2081 15 -0.029544 3.16388
94.9591 108.487 27.121 -26.114 15 -0.029544 3.16388
95.1713 105.306 27.0501 -26.02 15 -0.029544 3.16388
95.3836 102.124 26.9791 -25.9259 15 -0.029544 3.16388
95.6591 102.124 26.9791 -25.9259 15 -0.029544 3.16388
95.9347 97.9936 26.8871 -25.8038 15 -0.029544 3.16388
96.2102 93.8631 26.795 -25.6817 15 -0.029544 3.16388
96.4858 89.7327 26.7029 -25.5596 15 -0.029544 3.16388
96.7613 85.6023 26.6108 -25.4375 15 -0.029544 3.16388
97.0369 81.4719 26.5187 -25.3154 15 -0.029544 3.16388
97.3124 77.3414 26.4266 -25.1934 15 -0.029544 3.16388
97.588 73.211 26.3345 -25.0713 15 -0.029544 3.16388
97.8635 69.0806 26.2424 -24.9492 15 -0.0293138 3.19606
98.1339 69.0806 26.2424 -24.9492 15 -0.0293138 3.19606
98.4043 65.0331 26.0218 -24.8303 15 -0.0279656 3.2604
98.6747 61.0081 25.5413 -24.7169 15 -0.0254392 3.32474
98.9451 57.0223 24.803 -24.6138 15 -0.0219113 3.38909
99.2155 53.0923 23.81 -24.5249 15 -0.0175486 3.45343
99.4859 49.2342 22.5663 -24.4538 15 -0.0125081 3.51777
99.7563 45.4641 21.0772 -24.4031 15 -0.00693716 3.58212
100.027 41.7975 19.3487 -24.375 15 -0.000973484 3.64646
100.297 38.2497 17.388 -24.371 15 0.00525494 3.7108
100.568 34.8353 15.2033 -24.3923 15 0.0116299 3.77515
100.838 31.5684 12.8035 -24.4395 15 0.018043 3.83949
101.108 28.4626 10.1986 -24.5126 15 0.0243958 3.90384
101.379 25.5307 7.39949 -24.6115 15 0.0305998 3.96818
101.649 22.7849 4.41759 -24.7356 15 0.0365768 4.03252
101.92 20.2365 1.26532 -24.8839 15 0.0422583 4.09687
102.19 17.896 -2.04429 -25.0553 15 0.0475861 4.16121
102.46 15.7732 -5.49755 -25.2484 15 0.0525121 4.22555
102.731 13.8768 -9.08015 -25.4614 15 0.0569981 4.2899
103.001 12.2147 -12.7773 -25.6927 15 0.0610161 4.35424
103.272 10.7937 -16.5736 -25.9404 15 0.0645477 4.41858
103.542 9.61984 -20.4535 -26.2024 15 0.0675846 4.48293
103.812 8.69785 -24.4008 -26.4768 15 0.0701284 4.54727
104.083 8.03157 -28.3992 -26.7615 15 0.0721903 4.61161
104.353 7.62376 -32.4322 -27.0546 15 0.0737914 4.67596
104.624 7.47612 -36.4831 -27.3543 15 0.0749624 4.7403
104.894 7.58924 -40.5351 -27.6587 15 0.0757438 4.80464
105.164 7.96268 -44.5714 -27.9663 15 0.0761858 4.86899
105.435 8.59487 -48.5753 -28.2758 15 0.0763486 4.93333
105.705 9.4832 -52.5303 -28.5859 15 0.0763019 4.99767
105.976 10.624 -56.4201 -28.8957 15 0.0761254 5.06202
106.246 12.0125 -60.2284 -29.2049 15 0.0759084 5.12636
106.516 13.6431 -63.9395 -29.5132 15 0.0757503 5.19071
106.787 15.5089 -67.5382 -29.8209 15 0.0758893 5.22288
107.107 15.5089 -67.5382 -29.8209 15 0.0758893 5.22288
107.428 17.85 -71.7188 -30.1852 15 0.0758894 5.22288
107.748 17.85 -71.7188 -30.1852 15 0.0758894 5.22288
108.068 20.191 -75.8991 -30.5495 15 0.0758894 5.22288
108.389 22.532 -80.0795 -30.9138 15 0.0758511 5.25013
108.695 22.532 -80.0795 -30.9138 15 0.0758511 5.25013
109.001 24.8777 -84.0129 -31.2618 15 0.0755559 5.30462
109.307 27.4342 -87.8126 -31.6085 15 0.0749407 5.35912
109.613 30.1938 -91.4675 -31.9524 15 0.0739828 5.41361
109.92 33.1484 -94.9666 -32.2918 15 0.0726641 5.46811
110.226 36.2892 -98.2996 -32.6252 15 0.0709708 5.5226
110.532 39.6069 -101.457 -32.9507 15 0.068894 5.5771
110.838 43.0916 -104.428 -33.2668 15 0.0664292 5.63159
111.145 46.733 -107.206 -33.5714 15 0.0635764 5.68609
111.451 50.5203 -109.78 -33.863 15 0.0603402 5.74059
111.757 54.4422 -112.145 -34.1397 15 0.05673 5.79508
112.063 58.4871 -114.293 -34.3997 15 0.0527598 5.84958
112.37 62.643 -116.217 -34.6416 15 0.0484481 5.90407
112.676 66.8975 -117.912 -34.8636 15 0.0438184 5.95857
112.982 71.238 -119.373 -35.0644 15 0.0388985 6.01306
113.288 75.6517 -120.595 -35.2427 15 0.0337214 6.06756
113.594 80.1253 -121.575 -35.3972 15 0.0283246 6.12206
113.901 84.6457 -122.309 -35.5269 15 0.0227504 6.17655
114.207 89.1994 -122.797 -35.6311 15 0.0170458 6.23105
114.513 93.7729 -123.035 -35.7092 15 0.0112626 0.00235766
114.819 98.3525 -123.025 -35.7608 15 0.00545738 0.0568533
115.126 102.925 -122.764 -35.7858 15 -0.000308704 0.111349
115.432 107.476 -122.256 -35.7844 15 -0.00596982 0.165845
115.738 111.993 -121.499 -35.757 15 -0.0114555 0.22034
116.044 116.462 -120.499 -35.7046 15 -0.0166908 0.274836
116.351 120.87 -119.256 -35.6281 15 -0.0215962 0.329332
116.657 125.203 -117.775 -35.5292 15 -0.0260877 0.383827
116.963 129.45 -116.06 -35.4097 15 -0.0300767 0.438323
117.269 133.597 -114.116 -35.2719 15 -0.0334702 0.492819
117.575 137.631 -111.949 -35.1186 15 -0.0361708 0.547314
117.882 141.542 -109.566 -34.9528 15 -0.0380763 0.60181
118.188 145.317 -106.973 -34.7784 15 -0.0390799 0.656306
118.494 148.945 -104.179 -34.5993 15 -0.0391658 0.683554
118.784 148.945 -104.179 -34.5993 15 -0.0391658 0.683554
119.073 152.31 -101.438 -34.4293 15 -0.0391658 0.683554
119.363 155.674 -98.6979 -34.2593 15 -0.0391658 0.683554
119.532 155.674 -98.6979 -34.2593 15 -0.0391658 0.683554
119.702 157.645 -97.092 -34.1596 15 -0.0391658 0.683554
119.872 159.617 -95.4861 -34.06 15 -0.0391658 0.683554
120.041 161.588 -93.8803 -33.9603 15 -0.0391658 0.683554
120.211 163.56 -92.2744 -33.8607 15 -0.0391658 0.683554
120.381 165.531 -90.6685 -33.7611 15 -0.0391658 0.683554
120.55 167.503 -89.0627 -33.6614 15 -0.0391658 0.683554
120.72 169.474 -87.4568 -33.5618 15 -0.0391658 0.683554
120.889 171.446 -85.8509 -33.4621 15 -0.0391658 0.683554
121.059 173.417 -84.245 -33.3625 15 -0.0391658 0.683554
121.229 175.389 -82.6392 -33.2629 15 -0.0391658 0.683554
121.398 177.36 -81.0333 -33.1632 15 -0.0391658 0.683554
121.568 179.332 -79.4274 -33.0636 15 -0.0391658 0.683554
121.738 181.303 -77.8215 -32.9639 15 -0.0391658 0.683554
121.907 183.275 -76.2157 -32.8643 15 -0.0391658 0.683554
122.077 185.246 -74.6098 -32.7647 15 -0.0391658 0.683554
122.247 187.218 -73.0039 -32.665 15 -0.0391658 0.683554
122.416 189.189 -71.398 -32.5654 15 -0.0391658 0.683554
122.586 191.16 -69.7922 -32.4657 15 -0.0391658 0.683554
122.756 193.132 -68.1863 -32.3661 15 -0.0391658 0.683554
122.925 195.103 -66.5804 -32.2665 15 -0.0391658 0.683554
123.095 197.075 -64.9745 -32.1668 15 -0.0391658 0.683554
123.265 199.046 -63.3687 -32.0672 15 -0.0391658 0.683554
123.434 201.018 -61.7628 -31.9676 15 -0.0391658 0.683554
123.604 202.989 -60.1569 -31.8679 15 -0.0391658 0.683554
123.773 204.961 -58.5511 -31.7683 15 -0.0391658 0.683554
123.943 206.932 -56.9452 -31.6686 15 -0.0391658 0.683554
124.113 208.904 -55.3393 -31.569 15 -0.0391658 0.683554
124.282 210.875 -53.7334 -31.4694 15 -0.0391658 0.683554
124.452 212.847 -52.1276 -31.3697 15 -0.0391658 0.683554
124.622 214.818 -50.5217 -31.2701 15 -0.0391658 0.683554
124.791 216.79 -48.9158 -31.1704 15 -0.0391658 0.683554
124.961 218.761 -47.3099 -31.0708 15 -0.0390184 0.686736
125.189 218.761 -47.3099 -31.0708 15 -0.0390184 0.686736
125.416 221.4 -45.1462 -30.9376 15 -0.0381714 0.693102
125.644 224.026 -42.9656 -30.8072 15 -0.036581 0.699467
125.872 226.637 -40.7684 -30.6823 15 -0.0343607 0.705832
126.099 229.234 -38.5547 -30.565 15 -0.0316239 0.712197
126.327 231.818 -36.3244 -30.4571 15 -0.0284844 0.718563
126.555 234.387 -34.0777 -30.3598 15 -0.025056 0.724928
126.783 236.941 -31.8148 -30.2743 15 -0.0214532 0.731293
127.01 239.482 -29.5356 -30.2011 15 -0.0177905 0.737659
127.238 242.007 -27.2403 -30.1403 15 -0.0141828 0.744024
127.466 244.518 -24.9289 -30.0919 15 -0.0107451 0.750389
127.693 247.014 -22.6016 -30.0553 15 -0.0075928 0.756754
127.921 249.496 -20.2585 -30.0294 15 -0.00484131 0.76312
128.149 251.962 -17.8997 -30.0128 15 -0.00260628 0.769485
128.376 254.413 -15.5252 -30.0039 15 -0.00100349 0.77585
128.604 256.85 -13.1351 -30.0005 15 -0.000148889 0.782216
128.832 259.27 -10.7296 -30 15 -0 0.785398
129.085 259.27 -10.7296 -30 15 -0 0.785398
129.338 261.953 -8.04717 -30 15 -0 0.785398
129.591 264.635 -5.36478 -30 15 -0 0.785398
129.843 267.318 -2.68239 -30 15 -0 0.785398
130.096 270 0 -30 15 -0 0.785398
130.271 270 0 -30 15 -0 0.785398
130.446 271.856 1.85592 -30 15 -0 0.785398
130.621 273.712 3.71183 -30 15 -0 0.785398
130.796 275.568 5.56775 -30 15 -0 0.785398
130.971 277.424 7.42367 -30 15 -0 0.785398
131.146 279.28 9.27959 -30 15 -0 0.785398
131.321 281.136 11.1355 -30 15 -0 0.785398
131.496 282.991 12.9914 -30 15 -0 0.785398
131.671 284.847 14.8473 -30 15 6.4047e-005 0.780218
131.85 284.847 14.8473 -30 15 6.4047e-005 0.780218
132.029 286.753 16.7337 -30.0002 15 0.000431435 0.769856
132.207 288.679 18.6002 -30.0013 15 0.00111985 0.759495
132.386 290.624 20.4467 -30.0043 15 0.00207893 0.749134
132.565 292.587 22.2729 -30.0099 15 0.00325852 0.738773
132.744 294.57 24.0787 -30.0186 15 0.00460869 0.728412
132.923 296.571 25.8639 -30.031 15 0.00607974 0.718051
133.101 298.59 27.6282 -30.0473 15 0.00762219 0.707689
133.28 300.628 29.3715 -30.0677 15 0.00918678 0.697328
133.459 302.684 31.0936 -30.0924 15 0.0107245 0.686967
133.638 304.757 32.7943 -30.1211 15 0.0121865 0.676606
133.816 306.848 34.4734 -30.1538 15 0.0135243 0.666245
133.995 308.956 36.1308 -30.1901 15 0.0146894 0.655884
134.174 311.082 37.7662 -30.2295 15 0.0156339 0.645523
134.353 313.224 39.3796 -30.2714 15 0.0163099 0.635161
134.532 315.382 40.9706 -30.3152 15 0.0166696 0.6248
134.71 317.557 42.5392 -30.3599 15 0.0167344 0.61962
135.019 317.557 42.5392 -30.3599 15 0.0167344 0.61962
135.328 321.327 45.228 -30.4374 15 0.0167344 0.61962
135.636 325.096 47.9168 -30.5148 15 0.0167344 0.61962
135.945 328.865 50.6056 -30.5923 15 0.0167344 0.61962
136.254 332.635 53.2944 -30.6698 15 0.0167344 0.61962
136.563 336.404 55.9832 -30.7473 15 0.0167344 0.61962
136.871 340.173 58.672 -30.8248 15 0.0167344 0.61962
137.18 343.943 61.3608 -30.9023 15 0.0167344 0.61962
137.489 347.712 64.0496 -30.9798 15 0.0167344 0.61962
137.797 351.481 66.7384 -31.0573 15 0.0167344 0.61962
138.106 355.251 69.4272 -31.1348 15 0.0167344 0.61962
138.415 359.02 72.116 -31.2122 15 0.0167344 0.61962
138.724 362.789 74.8048 -31.2897 15 0.0167344 0.61962
139.032 366.559 77.4936 -31.3672 15 0.0167344 0.61962
139.341 370.328 80.1824 -31.4447 15 0.0167344 0.61962
139.65 374.097 82.8712 -31.5222 15 0.0167344 0.61962
139.958 377.867 85.56 -31.5997 15 0.0167344 0.61962
140.267 381.636 88.2488 -31.6772 15 0.0167344 0.61962
140.576 385.405 90.9375 -31.7547 15 0.0167344 0.61962
140.885 389.175 93.6263 -31.8322 15 0.0167344 0.61962
141.193 392.944 96.3151 -31.9096 15 0.0167344 0.61962
141.502 396.713 99.0039 -31.9871 15 0.0167344 0.61962
141.811 400.483 101.693 -32.0646 15 0.0167344 0.61962
142.119 404.252 104.382 -32.1421 15 0.0167344 0.61962
142.428 408.021 107.07 -32.2196 15 0.0167344 0.61962
142.737 411.791 109.759 -32.2971 15 0.0167344 0.61962
143.046 415.56 112.448 -32.3746 15 0.0167344 0.61962
143.354 419.329 115.137 -32.4521 15 0.0167344 0.61962
143.663 423.099 117.826 -32.5296 15 0.0167344 0.61962
143.972 426.868 120.514 -32.607 15 0.0167344 0.61962
144.28 430.637 123.203 -32.6845 15 0.0167344 0.61962
144.589 434.407 125.892 -32.762 15 0.0167344 0.61962
144.898 438.176 128.581 -32.8395 15 0.0167344 0.61962
145.176 438.176 128.581 -32.8395 15 0.0167344 0.61962
145.455 441.577 131.007 -32.9094 15 0.0167344 0.61962
145.734 444.978 133.433 -32.9793 15 0.0167344 0.61962
146.012 448.379 135.859 -33.0492 15 0.0167344 0.61962
146.291 451.78 138.285 -33.1192 15 0.0167344 0.61962
146.569 455.18 140.711 -33.1891 15 0.0167344 0.61962
146.848 458.581 143.136 -33.259 15 0.0167344 0.61962
147.126 461.982 145.562 -33.3289 15 0.0167344 0.61962
147.405 465.383 147.988 -33.3988 15 0.0167344 0.61962
147.683 468.784 150.414 -33.4687 15 0.0167344 0.61962
147.962 472.185 152.84 -33.5386 15 0.0167344 0.61962
148.24 475.586 155.266 -33.6086 15 0.0167344 0.61962
148.519 478.986 157.692 -33.6785 15 0.0167344 0.61962
148.797 482.387 160.118 -33.7484 15 0.0167344 0.61962
149.076 485.788 162.544 -33.8183 15 0.0167344 0.61962
149.354 489.189 164.97 -33.8882 15 0.0167344 0.61962
149.633 492.59 167.396 -33.9581 15 0.0166873 0.651523
149.901 492.59 167.396 -33.9581 15 0.0166873 0.651523
150.169 495.787 169.834 -34.0252 15 0.0163975 0.715329
150.437 498.823 172.472 -34.0912 15 0.015844 0.779135
150.706 501.683 175.297 -34.1549 15 0.0150543 0.842941
150.974 504.358 178.299 -34.2154 15 0.0140552 0.906748
151.242 506.837 181.465 -34.2719 15 0.0128722 0.970554
151.51 509.108 184.783 -34.3237 15 0.01153 1.03436
151.778 511.163 188.24 -34.3701 15 0.0100523 1.09817
152.046 512.993 191.82 -34.4105 15 0.00846193 1.16197
152.314 514.592 195.509 -34.4445 15 0.00678057 1.22578
152.583 515.952 199.293 -34.4718 15 0.00502905 1.28958
152.851 517.067 203.156 -34.492 15 0.00322721 1.35339
153.119 517.935 207.082 -34.505 15 0.00139391 1.4172
153.387 518.55 211.056 -34.5106 15 -0.00045295 1.481
153.655 518.91 215.061 -34.5088 15 -0.00229645 1.54481
153.923 519.015 219.08 -34.4995 15 -0.00412063 1.60862
154.191 518.863 223.098 -34.483 15 -0.00591052 1.67242
154.46 518.455 227.098 -34.4592 15 -0.00765212 1.73623
154.728 517.793 231.064 -34.4284 15 -0.0093324 1.80003
154.996 516.879 234.98 -34.3909 15 -0.0109393 1.86384
155.264 515.718 238.83 -34.3469 15 -0.0124618 1.92765
155.532 514.313 242.597 -34.2968 15 -0.0138897 1.99145
155.8 512.671 246.268 -34.2409 15 -0.015214 2.05526
156.068 510.798 249.826 -34.1798 15 -0.0164264 2.11907
156.337 508.703 253.257 -34.1137 15 -0.0175199 2.18287
156.605 506.392 256.548 -34.0433 15 -0.0184882 2.24668
156.873 503.877 259.685 -33.9689 15 -0.0193261 2.31048
157.141 501.167 262.655 -33.8912 15 -0.0200293 2.37429
157.409 498.272 265.447 -33.8106 15 -0.0205946 2.4381
157.677 495.206 268.048 -33.7278 15 -0.0210196 2.5019
157.945 491.98 270.448 -33.6433 15 -0.0213031 2.56571
158.214 488.608 272.638 -33.5576 15 -0.0214446 2.62951
158.482 485.103 274.608 -33.4714 15 -0.0214664 2.66142
158.527 485.103 274.608 -33.4714 15 -0.0214664 2.66142
158.572 484.5 274.922 -33.4568 15 -0.0214664 2.66142
158.889 484.5 274.922 -33.4568 15 -0.0214664 2.66142
159.205 480.294 277.113 -33.355 15 -0.0214664 2.66142
159.521 476.087 279.304 -33.2531 15 -0.0214664 2.66142
159.837 471.881 281.494 -33.1513 15 -0.0214664 2.66142
160.154 467.674 283.685 -33.0495 15 -0.0214664 2.66142
160.47 463.468 285.876 -32.9477 15 -0.0214664 2.66142
160.786 459.262 288.067 -32.8458 15 -0.0214664 2.66142
161.102 455.055 290.258 -32.744 15 -0.0214664 2.66142
161.419 450.849 292.448 -32.6422 15 -0.0214653 2.6763
161.671 450.849 292.448 -32.6422 15 -0.0214653 2.6763
161.923 447.468 294.146 -32.561 15 -0.0214509 2.70605
162.176 444.038 295.742 -32.4798 15 -0.0214154 2.73581
162.428 440.562 297.235 -32.3988 15 -0.0213522 2.76557
162.68 437.043 298.625 -32.318 15 -0.0212556 2.79533
162.932 433.485 299.909 -32.2376 15 -0.0211206 2.82508
163.185 429.889 301.086 -32.1576 15 -0.020943 2.85484
163.437 426.261 302.156 -32.0784 15 -0.0207198 2.8846
163.689 422.602 303.118 -32 15 -0.0204483 2.91436
163.941 418.916 303.97 -31.9226 15 -0.020127 2.94411
164.194 415.206 304.712 -31.8465 15 -0.0197551 2.97387
164.446 411.476 305.344 -31.7717 15 -0.0193327 3.00363
164.698 407.729 305.864 -31.6986 15 -0.0188606 3.03339
164.951 403.968 306.273 -31.6272 15 -0.0183406 3.06314
165.203 400.197 306.569 -31.5578 15 -0.0177752 3.0929
165.455 396.418 306.753 -31.4906 15 -0.0171678 3.12266
165.707 392.635 306.825 -31.4256 15 -0.0165226 3.15242
165.96 388.853 306.784 -31.3631 15 -0.0158447 3.18217
166.212 385.073 306.63 -31.3032 15 -0.0151399 3.21193
166.464 381.299 306.365 -31.2459 15 -0.0144149 3.24169
166.717 377.535 305.987 -31.1914 15 -0.0136772 3.27144
166.969 373.783 305.497 -31.1396 15 -0.0129353 3.3012
167.221 370.048 304.895 -31.0907 15 -0.0121984 3.33096
167.473 366.333 304.183 -31.0445 15 -0.0114764 3.36072
167.726 362.64 303.361 -31.0011 15 -0.0107802 3.39047
167.978 358.973 302.429 -30.9603 15 -0.0101216 3.42023
168.23 355.336 301.389 -30.922 15 -0.00951302 3.44999
168.482 351.731 300.24 -30.886 15 -0.00896788 3.47975
168.735 348.163 298.985 -30.8521 15 -0.00850037 3.5095
168.987 344.633 297.624 -30.8199 15 -0.0081255 3.53926
169.239 341.145 296.159 -30.7892 15 -0.00785913 3.56902
169.492 337.702 294.591 -30.7595 15 -0.00771795 3.59878
169.744 334.307 292.921 -30.7303 15 -0.0076916 3.61365
169.989 334.307 292.921 -30.7303 15 -0.0076916 3.61365
170.233 331.037 291.251 -30.702 15 -0.0076916 3.61365
170.478 327.766 289.581 -30.6738 15 -0.0076916 3.61365
170.723 324.495 287.911 -30.6455 15 -0.0076916 3.61365
170.968 321.224 286.242 -30.6173 15 -0.0076916 3.61365
171.19 321.224 286.242 -30.6173 15 -0.0076916 3.61365
171.412 318.257 284.726 -30.5917 15 -0.0076916 3.61365
171.634 315.289 283.211 -30.566 15 -0.0076916 3.61365
171.857 312.321 281.696 -30.5404 15 -0.0076916 3.61365
172.079 309.353 280.181 -30.5148 15 -0.0076916 3.61365
172.301 306.386 278.666 -30.4891 15 -0.0076916 3.61365
172.523 303.418 277.15 -30.4635 15 -0.0076916 3.61365
172.745 300.45 275.635 -30.4379 15 -0.0076916 3.61365
172.967 297.483 274.12 -30.4122 15 -0.0076916 3.61365
173.189 294.515 272.605 -30.3866 15 -0.0076916 3.61365
173.412 291.547 271.089 -30.361 15 -0.0076916 3.61365
173.634 288.579 269.574 -30.3354 15 -0.0076916 3.61365
173.856 285.612 268.059 -30.3097 15 -0.0076916 3.61365
174.078 282.644 266.544 -30.2841 15 -0.0076916 3.61365
174.3 279.676 265.029 -30.2585 15 -0.0076916 3.61365
174.522 276.709 263.513 -30.2328 15 -0.0076916 3.61365
174.745 273.741 261.998 -30.2072 15 -0.00766375 3.62345
174.967 273.741 261.998 -30.2072 15 -0.00766375 3.62345
175.19 270.781 260.451 -30.1816 15 -0.00750253 3.64303
175.412 267.853 258.845 -30.1566 15 -0.00719854 3.66261
175.635 264.956 257.183 -30.1325 15 -0.00677221 3.6822
175.858 262.093 255.464 -30.1099 15 -0.00624433 3.70178
176.08 259.264 253.69 -30.089 15 -0.00563604 3.72136
176.303 256.47 251.86 -30.0702 15 -0.00496881 3.74095
176.526 253.712 249.976 -30.0536 15 -0.0042645 3.76053
176.748 250.992 248.039 -30.0394 15 -0.00354527 3.78011
176.971 248.311 246.048 -30.0275 15 -0.00283368 3.7997
177.194 245.669 244.006 -30.0181 15 -0.00215259 3.81928
177.416 243.067 241.912 -30.0109 15 -0.00152525 3.83887
177.639 240.507 239.767 -30.0058 15 -0.000975237 3.85845
177.862 237.989 237.573 -30.0025 15 -0.000526485 3.87803
178.084 235.515 235.33 -30.0008 15 -0.000203275 3.89762
178.307 233.085 233.039 -30.0001 15 -3.02353e-005 3.9172
178.53 230.7 230.7 -30 15 -0 3.92699
178.798 230.7 230.7 -30 15 -0 3.92699
179.067 227.85 227.85 -30 15 -0 3.92699
179.336 225 225 -30 15 -0 3.92699
179.609 225 225 -30 15 -0 3.92699
179.882 222.103 222.103 -30 15 -0 3.92699
180.155 219.206 219.206 -30 15 -0 3.92699
180.428 216.309 216.309 -30 15 -0 3.92699
180.701 213.412 213.412 -30 15 -0.000408781 3.91802
181.011 213.412 213.412 -30 15 -0.000408781 3.91802
181.321 210.098 210.157 -29.9981 15 -0.00263964 3.90007
181.63 206.727 206.962 -29.9858 15 -0.00649358 3.88212
181.94 203.298 203.828 -29.9557 15 -0.0113121 3.86418
182.25 199.814 200.757 -29.9031 15 -0.0164417 3.84623
182.559 196.275 197.748 -29.8268 15 -0.0212341 3.82828
182.869 192.683 194.803 -29.7281 15 -0.0250469 3.81033
183.179 189.038 191.923 -29.6117 15 -0.0272431 3.79239
183.488 185.343 189.109 -29.4852 15 -0.0276543 3.78341
183.757 185.343 189.109 -29.4852 15 -0.0276543 3.78341
184.025 182.122 186.702 -29.3739 15 -0.0276543 3.78341
184.293 178.901 184.295 -29.2627 15 -0.0276543 3.78341
184.561 175.68 181.887 -29.1515 15 -0.0276543 3.78341
184.829 172.459 179.48 -29.0403 15 -0.0276543 3.78341
185.098 169.238 177.073 -28.929 15 -0.0276543 3.78341
185.366 166.018 174.666 -28.8178 15 -0.0276543 3.78341
185.634 162.797 172.259 -28.7066 15 -0.0276543 3.78341
185.902 159.576 169.851 -28.5954 15 -0.0276543 3.78341
186.17 156.355 167.444 -28.4841 15 -0.0276543 3.78341
186.438 153.134 165.037 -28.3729 15 -0.0276543 3.78341
186.707 149.913 162.63 -28.2617 15 -0.0276543 3.78341
186.975 146.693 160.223 -28.1504 15 -0.0276543 3.78341
187.243 143.472 157.815 -28.0392 15 -0.0276543 3.78341
187.511 140.251 155.408 -27.928 15 -0.0276543 3.78341
187.779 137.03 153.001 -27.8168 15 -0.0276543 3.78341
188.047 133.809 150.594 -27.7055 15 -0.0276543 3.78341
188.316 130.588 148.187 -27.5943 15 -0.0276543 3.78341
188.584 127.367 145.779 -27.4831 15 -0.0276543 3.78341
188.852 124.147 143.372 -27.3719 15 -0.0276543 3.78341
189.12 120.926 140.965 -27.2606 15 -0.0276543 3.78341
189.388 117.705 138.558 -27.1494 15 -0.0276543 3.78341
189.656 114.484 136.151 -27.0382 15 -0.0276543 3.78341
189.925 111.263 133.743 -26.927 15 -0.0276543 3.78341
190.193 108.042 131.336 -26.8157 15 -0.0276543 3.78341
190.461 104.822 128.929 -26.7045 15 -0.0276543 3.78341
190.729 101.601 126.522 -26.5933 15 -0.0276543 3.78341
190.997 98.3799 124.115 -26.4821 15 -0.0276543 3.78341
191.265 95.159 121.708 -26.3708 15 -0.0276543 3.78341
191.534 91.9382 119.3 -26.2596 15 -0.0276543 3.78341
191.802 88.7173 116.893 -26.1484 15 -0.0276543 3.78341
192.07 85.4965 114.486 -26.0372 15 -0.0276543 3.78341
192.338 82.2756 112.079 -25.9259 15 -0.0276543 3.78341
192.527 82.2756 112.079 -25.9259 15 -0.0276543 3.78341
192.717 80.0009 110.379 -25.8474 15 -0.0276543 3.78341
192.906 77.7262 108.679 -25.7688 15 -0.0276543 3.78341
193.096 75.4515 106.979 -25.6903 15 -0.0276543 3.78341
193.285 73.1768 105.278 -25.6117 15 -0.0276804 3.76754
193.463 73.1768 105.278 -25.6117 15 -0.0276804 3.76754
193.642 71.0091 103.711 -25.5377 15 -0.0278252 3.73579
193.82 68.7928 102.214 -25.4632 15 -0.0281009 3.70405
193.999 66.5301 100.788 -25.388 15 -0.0284926 3.6723
194.177 64.2232 99.4337 -25.3118 15 -0.0289863 3.64056
194.355 61.8745 98.1538 -25.2342 15 -0.0295681 3.60881
194.534 59.4864 96.9491 -25.1551 15 -0.0302249 3.57706
194.712 57.0613 95.8207 -25.0743 15 -0.030944 3.54532
194.891 54.6015 94.77 -24.9915 15 -0.0317133 3.51357
195.069 52.1097 93.7978 -24.9066 15 -0.0325209 3.48182
195.247 49.5882 92.9052 -24.8196 15 -0.0333559 3.45008
195.426 47.0397 92.0931 -24.7303 15 -0.0342076 3.41833
195.604 44.4667 91.3623 -24.6388 15 -0.0350659 3.38659
195.783 41.8718 90.7135 -24.545 15 -0.0359212 3.35484
195.961 39.2576 90.1474 -24.4489 15 -0.0367644 3.32309
196.139 36.6267 89.6646 -24.3505 15 -0.0375869 3.29135
196.318 33.9819 89.2655 -24.2499 15 -0.0383807 3.2596
196.496 31.3257 88.9506 -24.1472 15 -0.0391382 3.22786
196.675 28.6609 88.7202 -24.0424 15 -0.0398525 3.19611
196.853 25.9901 88.5744 -23.9358 15 -0.040517 3.16436
197.031 23.316 88.5135 -23.8273 15 -0.0411257 3.13262
197.21 20.6413 88.5375 -23.7173 15 -0.0416732 3.10087
197.388 17.9687 88.6464 -23.6058 15 -0.0421544 3.06912
197.567 15.301 88.8401 -23.4929 15 -0.042565 3.03738
197.745 12.6407 89.1184 -23.379 15 -0.042901 3.00563
197.923 9.99062 89.4809 -23.2642 15 -0.0431589 2.97389
198.102 7.35336 89.9274 -23.1487 15 -0.0433359 2.94214
198.28 4.73161 90.4574 -23.0327 15 -0.0434295 2.91039
198.458 2.128 91.0703 -22.9165 15 -0.0434379 2.87865
198.637 -0.454849 91.7655 -22.8002 15 -0.0433596 2.8469
198.815 -3.01433 92.5424 -22.6841 15 -0.0431938 2.81515
198.994 -5.54785 93.4001 -22.5685 15 -0.0429402 2.78341
199.172 -8.05288 94.3378 -22.4536 15 -0.0425988 2.75166
199.35 -10.5269 95.3546 -22.3396 15 -0.0421703 2.71992
199.529 -12.9674 96.4493 -22.2267 15 -0.041656 2.68817
199.707 -15.3719 97.621 -22.1153 15 -0.0410574 2.65642
199.886 -17.738 98.8684 -22.0054 15 -0.0403768 2.62468
200.064 -20.0633 100.19 -21.8973 15 -0.0396169 2.59293
200.242 -22.3455 101.585 -21.7913 15 -0.0387808 2.56118
200.421 -24.5822 103.052 -21.6875 15 -0.0378724 2.52944
200.599 -26.7713 104.589 -21.5862 15 -0.0368959 2.49769
200.778 -28.9105 106.195 -21.4874 15 -0.0358561 2.46595
200.956 -30.9976 107.868 -21.3915 15 -0.0347581 2.4342
201.134 -33.0306 109.606 -21.2985 15 -0.0336078 2.40245
201.313 -35.0074 111.408 -21.2085 15 -0.0324116 2.37071
201.491 -36.926 113.271 -21.1218 15 -0.0311761 2.33896
201.67 -38.7845 115.195 -21.0384 15 -0.0299088 2.30721
201.848 -40.581 117.177 -20.9584 15 -0.0286175 2.27547
202.026 -42.3136 119.215 -20.8818 15 -0.0273106 2.24372
202.205 -43.9808 121.306 -20.8087 15 -0.0259969 2.21198
202.383 -45.5807 123.45 -20.7392 15 -0.0246859 2.18023
202.562 -47.1117 125.643 -20.6731 15 -0.0233875 2.14848
202.74 -48.5724 127.884 -20.6106 15 -0.022112 2.11674
202.918 -49.9612 130.17 -20.5514 15 -0.0208705 2.08499
203.097 -51.2767 132.499 -20.4956 15 -0.0196744 2.05324
203.275 -52.5177 134.868 -20.443 15 -0.0185357 2.0215
203.454 -53.6828 137.276 -20.3934 15 -0.0174669 1.98975
203.632 -54.771 139.719 -20.3467 15 -0.0164809 1.95801
203.81 -55.781 142.196 -20.3026 15 -0.0155914 1.92626
203.989 -56.7119 144.704 -20.2609 15 -0.0148122 1.89451
204.167 -57.5627 147.239 -20.2212 15 -0.0141581 1.86277
204.345 -58.3326 149.801 -20.1834 15 -0.0136439 1.83102
204.524 -59.0208 152.386 -20.1469 15 -0.0132854 1.79927
204.702 -59.6266 154.991 -20.1113 15 -0.0130986 1.76753
204.881 -60.1494 157.614 -20.0763 15 -0.013062 1.75166
205.166 -60.1494 157.614 -20.0763 15 -0.013062 1.75166
205.451 -60.9183 161.819 -20.0205 15 -0.013062 1.75166
205.736 -61.6871 166.023 -19.9646 15 -0.013062 1.75166
206.021 -62.4559 170.228 -19.9088 15 -0.013062 1.75166
206.306 -63.2247 174.432 -19.853 15 -0.013062 1.75166
206.591 -63.9935 178.637 -19.7971 15 -0.013062 1.75166
206.875 -64.7624 182.841 -19.7413 15 -0.013062 1.75166
207.16 -65.5312 187.046 -19.6855 15 -0.013062 1.75166
207.445 -66.3 191.25 -19.6296 15 -0.0130621 1.75166
207.635 -66.3 191.25 -19.6296 15 -0.0130621 1.75166
207.824 -66.8107 194.043 -19.5925 15 -0.0130621 1.75166
208.013 -67.3213 196.835 -19.5555 15 -0.0130621 1.75166
208.203 -67.832 199.628 -19.5184 15 -0.0130621 1.75166
208.392 -68.3427 202.421 -19.4813 15 -0.0130621 1.75166
208.581 -68.8534 205.214 -19.4442 15 -0.0130621 1.75166
208.77 -69.364 208.006 -19.4071 15 -0.0130621 1.75166
208.96 -69.8747 210.799 -19.37 15 -0.0130621 1.75166
209.149 -70.3854 213.592 -19.3329 15 -0.0130287 1.73523
209.334 -70.3854 213.592 -19.3329 15 -0.0130287 1.73523
209.518 -70.8387 216.324 -19.2969 15 -0.0128297 1.70237
209.703 -71.202 219.069 -19.2613 15 -0.0124446 1.66952
209.888 -71.4749 221.824 -19.2269 15 -0.0118874 1.63666
210.072 -71.6571 224.588 -19.194 15 -0.0111715 1.6038
210.257 -71.7485 227.355 -19.163 15 -0.01031 1.57095
210.441 -71.7489 230.124 -19.1345 15 -0.0093156 1.53809
210.626 -71.6584 232.892 -19.1087 15 -0.00820057 1.50524
210.811 -71.477 235.655 -19.086 15 -0.00697689 1.47238
210.995 -71.2049 238.411 -19.0666 15 -0.00565612 1.43953
211.18 -70.8424 241.156 -19.051 15 -0.00424945 1.40667
211.365 -70.39 243.888 -19.0392 15 -0.00276767 1.37381
211.549 -69.848 246.603 -19.0315 15 -0.00122122 1.34096
211.734 -69.2172 249.3 -19.0282 15 0.000379859 1.3081
211.918 -68.4981 251.974 -19.0292 15 0.0020259 1.27525
212.103 -67.6916 254.623 -19.0348 15 0.00370761 1.24239
212.288 -66.7984 257.244 -19.0451 15 0.00541608 1.20953
212.472 -65.8197 259.834 -19.0601 15 0.00714279 1.17668
212.657 -64.7564 262.391 -19.0799 15 0.00887959 1.14382
212.842 -63.6097 264.911 -19.1045 15 0.0106187 1.11097
213.026 -62.3807 267.393 -19.1339 15 0.0123528 1.07811
213.211 -61.071 269.833 -19.1681 15 0.0140748 1.04526
213.395 -59.6818 272.228 -19.2071 15 0.0157781 1.0124
213.58 -58.2147 274.576 -19.2507 15 0.0174565 0.979544
213.765 -56.6712 276.875 -19.2991 15 0.0191042 0.946688
213.949 -55.053 279.123 -19.352 15 0.0207156 0.913832
214.134 -53.3619 281.315 -19.4094 15 0.0222857 0.880976
214.319 -51.5996 283.451 -19.4711 15 0.0238098 0.84812
214.503 -49.7682 285.528 -19.537 15 0.0252836 0.815264
214.688 -47.8695 287.544 -19.6071 15 0.026703 0.782409
214.873 -45.9056 289.496 -19.681 15 0.0280647 0.749553
215.057 -43.8786 291.383 -19.7588 15 0.0293653 0.716697
215.242 -41.7908 293.202 -19.8401 15 0.0306022 0.683841
215.426 -39.6443 294.951 -19.9249 15 0.0317729 0.650985
215.611 -37.4416 296.629 -20.0129 15 0.0328754 0.61813
215.796 -35.1849 298.234 -20.1039 15 0.033908 0.585274
215.98 -32.8767 299.763 -20.1979 15 0.0348695 0.552418
216.165 -30.5195 301.216 -20.2945 15 0.035759 0.519562
216.35 -28.1158 302.591 -20.3935 15 0.036576 0.486706
216.534 -25.6683 303.886 -20.4949 15 0.0373204 0.45385
216.719 -23.1795 305.101 -20.5982 15 0.0379924 0.420995
216.903 -20.6522 306.232 -20.7035 15 0.0385928 0.388139
217.088 -18.0891 307.28 -20.8104 15 0.0391224 0.355283
217.273 -15.4929 308.243 -20.9188 15 0.0395827 0.322427
217.457 -12.8666 309.121 -21.0285 15 0.0399755 0.289571
217.642 -10.2128 309.912 -21.1392 15 0.040303 0.256716
217.827 -7.53442 310.615 -21.2509 15 0.0405676 0.22386
218.011 -4.83443 311.229 -21.3633 15 0.0407723 0.191004
218.196 -2.11571 311.755 -21.4763 15 0.0409205 0.158148
218.38 0.618823 312.191 -21.5896 15 0.0410157 0.125292
218.565 3.3662 312.537 -21.7033 15 0.041062 0.0924365
218.75 6.12346 312.793 -21.817 15 0.0410638 0.0595806
218.934 8.88763 312.958 -21.9308 15 0.0410261 0.0267248
219.119 11.6557 313.032 -22.0445 15 0.0409539 6.27705
219.304 14.4248 313.015 -22.1579 15 0.0408529 6.2442
219.488 17.1917 312.907 -22.2711 15 0.0407289 6.21134
219.673 19.9537 312.708 -22.384 15 0.0405884 6.17849
219.858 22.7076 312.419 -22.4964 15 0.0404381 6.14563
220.042 25.4505 312.039 -22.6085 15 0.040285 6.11278
220.227 28.1795 311.569 -22.7201 15 0.0401366 6.07992
220.411 30.8916 311.01 -22.8313 15 0.0400008 6.04706
220.596 33.5838 310.362 -22.9421 15 0.0398859 6.01421
220.781 36.2533 309.627 -23.0526 15 0.0398004 5.98135
220.965 38.8973 308.803 -23.1629 15 0.0397534 5.9485
221.15 41.5127 307.894 -23.273 15 0.0397712 5.93207
221.33 41.5127 307.894 -23.273 15 0.0397712 5.93207
221.511 44.0534 306.963 -23.3807 15 0.0397712 5.93207
221.692 46.5942 306.033 -23.4884 15 0.0397712 5.93207
221.872 49.1349 305.102 -23.596 15 0.0397712 5.93207
222.053 51.6756 304.171 -23.7037 15 0.0397712 5.93207
222.324 51.6756 304.171 -23.7037 15 0.0397712 5.93207
222.595 55.496 302.772 -23.8656 15 0.0397712 5.93207
222.867 59.3164 301.372 -24.0275 15 0.0397712 5.93207
223.138 63.1368 299.973 -24.1894 15 0.0397712 5.93207
223.41 66.9572 298.574 -24.3513 15 0.0397712 5.93207
223.681 70.7776 297.174 -24.5132 15 0.0397712 5.93207
223.953 74.598 295.775 -24.6751 15 0.0397712 5.93207
224.224 78.4184 294.375 -24.837 15 0.0397712 5.93207
224.496 82.2388 292.976 -24.9989 15 0.0397712 5.93207
224.767 86.0592 291.577 -25.1608 15 0.0397712 5.93207
225.039 89.8796 290.177 -25.3227 15 0.0397712 5.93207
225.31 93.7 288.778 -25.4846 15 0.0397712 5.93207
225.582 97.5204 287.379 -25.6465 15 0.0397712 5.93207
225.853 101.341 285.979 -25.8084 15 0.0397712 5.93207
226.124 105.161 284.58 -25.9703 15 0.0397712 5.93207
226.396 108.982 283.18 -26.1322 15 0.0397712 5.93207
226.667 112.802 281.781 -26.2941 15 0.0397712 5.93207
226.939 116.622 280.382 -26.456 15 0.0397712 5.93207
227.21 120.443 278.982 -26.6179 15 0.0397712 5.93207
227.482 124.263 277.583 -26.7798 15 0.0397712 5.93207
227.753 128.084 276.183 -26.9417 15 0.0397712 5.93207
228.025 131.904 274.784 -27.1036 15 0.0397712 5.93207
228.296 135.724 273.385 -27.2655 15 0.0397712 5.93207
228.568 139.545 271.985 -27.4274 15 0.0397712 5.93207
228.839 143.365 270.586 -27.5893 15 0.0397712 5.93207
229.11 147.186 269.186 -27.7512 15 0.0397712 5.93207
229.382 151.006 267.787 -27.9131 15 0.0397712 5.93207
229.653 154.826 266.388 -28.075 15 0.0397712 5.93207
229.925 158.647 264.988 -28.2369 15 0.0397712 5.93207
230.196 162.467 263.589 -28.3988 15 0.0397712 5.93207
230.468 166.288 262.189 -28.5607 15 0.0397712 5.93207
230.739 170.108 260.79 -28.7226 15 0.0397712 5.93207
231.011 173.928 259.391 -28.8845 15 0.0396334 5.9185
231.241 173.928 259.391 -28.8845 15 0.0396334 5.9185
231.471 177.15 258.161 -29.0213 15 0.0388292 5.89135
231.701 180.338 256.844 -29.1552 15 0.0373053 5.86421
231.931 183.488 255.441 -29.284 15 0.0351568 5.83707
232.161 186.6 253.953 -29.4053 15 0.0324825 5.80993
232.391 189.669 252.381 -29.5173 15 0.0293846 5.78278
232.621 192.695 250.726 -29.6187 15 0.0259689 5.75564
232.852 195.675 248.99 -29.7083 15 0.0223449 5.7285
233.082 198.607 247.173 -29.7853 15 0.0186255 5.70136
233.312 201.488 245.278 -29.8496 15 0.0149275 5.67421
233.542 204.317 243.305 -29.9011 15 0.0113709 5.64707
233.772 207.091 241.256 -29.9403 15 0.00807947 5.61993
234.002 209.809 239.133 -29.9682 15 0.00518046 5.59279
234.232 212.468 236.937 -29.986 15 0.00280451 5.56564
234.462 215.066 234.669 -29.9957 15 0.00108579 5.5385
234.692 217.602 232.332 -29.9994 15 0.000161898 5.51136
234.922 220.074 229.926 -30 15 -0 5.49779
235.155 220.074 229.926 -30 15 -0 5.49779
235.387 222.537 227.463 -30 15 -0 5.49779
235.619 225 225 -30 15 -0 5.49779
235.689 225 225 -30 15 -0 5.49779
235.758 225.736 224.264 -30 15 -7.18422e-006 5.4669
236.017 225.736 224.264 -30 15 -7.18422e-006 5.4669
236.277 228.402 221.428 -30 15 -4.73559e-005 5.40514
236.537 230.889 218.432 -29.9998 15 -0.000119929 5.34337
236.796 233.185 215.289 -29.9993 15 -0.00021703 5.2816
237.056 235.283 212.009 -29.9985 15 -0.000331442 5.21983
237.315 237.175 208.607 -29.9972 15 -0.000456615 5.15806
237.575 238.853 205.094 -29.9954 15 -0.000586655 5.0963
237.835 240.312 201.484 -29.9931 15 -0.000716332 5.03453
238.094 241.544 197.792 -29.9903 15 -0.000841077 4.97276
238.354 242.546 194.03 -29.9871 15 -0.00095698 4.91099
238.613 243.314 190.213 -29.9833 15 -0.0010608 4.84923
238.873 243.845 186.357 -29.9792 15 -0.00114994 4.78746
239.132 244.137 182.475 -29.9747 15 -0.00122248 4.72569
239.392 244.189 178.582 -29.97 15 -0.00127716 4.66392
239.652 244.001 174.693 -29.965 15 -0.00131337 4.60215
239.911 243.572 170.824 -29.9599 15 -0.00133117 4.54039
240.171 242.906 166.988 -29.9547 15 -0.00133387 4.5095
240.389 242.906 166.988 -29.9547 15 -0.00133387 4.5095
240.608 242.246 163.778 -29.9503 15 -0.00133387 4.5095
240.826 241.585 160.568 -29.946 15 -0.00133387 4.5095
241.045 240.925 157.358 -29.9416 15 -0.00133387 4.5095
241.263 240.265 154.148 -29.9372 15 -0.00133387 4.5095
241.482 239.604 150.938 -29.9328 15 -0.00133387 4.5095
241.7 238.944 147.728 -29.9285 15 -0.00133387 4.5095
241.919 238.283 144.518 -29.9241 15 -0.00133387 4.5095
242.137 237.623 141.308 -29.9197 15 -0.00133387 4.5095
242.356 236.963 138.098 -29.9154 15 -0.00133387 4.5095
242.574 236.302 134.888 -29.911 15 -0.00133387 4.5095
242.793 235.642 131.678 -29.9066 15 -0.00133387 4.5095
243.011 234.982 128.468 -29.9022 15 -0.00133387 4.5095
243.23 234.321 125.258 -29.8979 15 -0.00133387 4.5095
243.448 233.661 122.047 -29.8935 15 -0.00133387 4.5095
243.667 233.001 118.837 -29.8891 15 -0.00133387 4.5095
243.885 232.34 115.627 -29.8848 15 -0.00133387 4.5095
244.103 231.68 112.417 -29.8804 15 -0.00133387 4.5095
244.322 231.019 109.207 -29.876 15 -0.00133387 4.5095
244.54 230.359 105.997 -29.8716 15 -0.00133387 4.5095
244.759 229.699 102.787 -29.8673 15 -0.00133387 4.5095
244.977 229.038 99.577 -29.8629 15 -0.00133387 4.5095
245.196 228.378 96.3669 -29.8585 15 -0.00133387 4.5095
245.414 227.718 93.1569 -29.8542 15 -0.00133387 4.5095
245.633 227.057 89.9468 -29.8498 15 -0.00133387 4.5095
245.851 226.397 86.7367 -29.8454 15 -0.00133387 4.5095
246.07 225.737 83.5267 -29.841 15 -0.00133387 4.5095
246.288 225.076 80.3166 -29.8367 15 -0.00133387 4.5095
246.507 224.416 77.1065 -29.8323 15 -0.00133387 4.5095
246.725 223.755 73.8965 -29.8279 15 -0.00133387 4.5095
246.944 223.095 70.6864 -29.8236 15 -0.00133387 4.5095
247.162 222.435 67.4763 -29.8192 15 -0.00133387 4.5095
247.381 221.774 64.2663 -29.8148 15 -0.00133387 4.5095
247.566 221.774 64.2663 -29.8148 15 -0.00133387 4.5095
247.751 221.214 61.544 -29.8111 15 -0.00133387 4.5095
247.937 220.654 58.8217 -29.8074 15 -0.00133387 4.5095
248.122 220.094 56.0995 -29.8037 15 -0.00133387 4.5095
248.307 219.534 53.3772 -29.8 15 -0.00133387 4.5095
248.492 218.974 50.655 -29.7963 15 -0.00133387 4.5095
248.678 218.414 47.9327 -29.7926 15 -0.00133387 4.5095
248.863 217.854 45.2104 -29.7889 15 -0.00133387 4.5095
249.048 217.294 42.4882 -29.7852 15 -0.00133387 4.5095
249.234 216.734 39.7659 -29.7815 15 -0.00133387 4.5095
249.419 216.174 37.0437 -29.7777 15 -0.00133387 4.5095
249.604 215.614 34.3214 -29.774 15 -0.00133387 4.5095
249.789 215.054 31.5992 -29.7703 15 -0.00133387 4.5095
249.975 214.494 28.8769 -29.7666 15 -0.00133387 4.5095
250.16 213.934 26.1546 -29.7629 15 -0.00133387 4.5095
250.345 213.374 23.4324 -29.7592 15 -0.00133387 4.5095
250.531 212.814 20.7101 -29.7555 15 -0.00133336 4.50161
250.71 212.814 20.7101 -29.7555 15 -0.00133336 4.50161
250.89 212.251 18.0763 -29.7519 15 -0.0013302 4.48581
251.069 211.646 15.4518 -29.7483 15 -0.00132397 4.47002
251.249 210.999 12.8371 -29.7448 15 -0.00131474 4.45423
251.428 210.311 10.2329 -29.7412 15 -0.00130262 4.43843
251.608 209.583 7.63996 -29.7377 15 -0.00128768 4.42264
251.788 208.813 5.05883 -29.7342 15 -0.00127002 4.40685
251.967 208.003 2.49017 -29.7308 15 -0.00124973 4.39105
252.147 207.152 -0.0653767 -29.7275 15 -0.00122689 4.37526
252.326 206.261 -2.60717 -29.7242 15 -0.00120161 4.35946
252.506 205.331 -5.13457 -29.7209 15 -0.00117396 4.34367
252.685 204.36 -7.64695 -29.7178 15 -0.00114405 4.32788
252.865 203.349 -10.1437 -29.7147 15 -0.00111196 4.31208
253.044 202.3 -12.6242 -29.7117 15 -0.0010778 4.29629
253.224 201.211 -15.0878 -29.7088 15 -0.00104165 4.2805
253.404 200.084 -17.5338 -29.706 15 -0.00100362 4.2647
253.583 198.918 -19.9618 -29.7033 15 -0.000963789 4.24891
253.763 197.714 -22.3711 -29.7007 15 -0.000922264 4.23312
253.942 196.472 -24.761 -29.6982 15 -0.000879142 4.21732
254.122 195.192 -27.1311 -29.6958 15 -0.000834518 4.20153
254.301 193.875 -29.4806 -29.6936 15 -0.000788493 4.18574
254.481 192.521 -31.809 -29.6914 15 -0.000741165 4.16994
254.661 191.131 -34.1158 -29.6894 15 -0.000692635 4.15415
254.84 189.704 -36.4003 -29.6876 15 -0.000643003 4.13836
255.02 188.242 -38.662 -29.6859 15 -0.00059237 4.12256
255.199 186.744 -40.9003 -29.6843 15 -0.000540839 4.10677
255.379 185.21 -43.1147 -29.6828 15 -0.000488512 4.09098
255.558 183.642 -45.3046 -29.6815 15 -0.000435493 4.07518
255.738 182.04 -47.4695 -29.6803 15 -0.000381884 4.05939
255.917 180.403 -49.6087 -29.6793 15 -0.000327792 4.0436
256.097 178.733 -51.7219 -29.6784 15 -0.000273321 4.0278
256.277 177.03 -53.8084 -29.6777 15 -0.000218577 4.01201
256.456 175.294 -55.8678 -29.6771 15 -0.000163667 3.99622
256.636 173.526 -57.8995 -29.6766 15 -0.000108698 3.98042
256.815 171.726 -59.903 -29.6763 15 -5.37778e-005 3.96463
256.995 169.894 -61.8779 -29.6762 15 9.84615e-007 3.94883
257.174 168.032 -63.8236 -29.6762 15 5.54802e-005 3.93304
257.354 166.139 -65.7396 -29.6763 15 0.000109599 3.91725
257.534 164.216 -67.6254 -29.6766 15 0.000163231 3.90145
257.713 162.263 -69.4807 -29.6771 15 0.000216264 3.88566
257.893 160.282 -71.3049 -29.6777 15 0.000268586 3.86987
258.072 158.272 -73.0976 -29.6784 15 0.000320086 3.85407
258.252 156.233 -74.8583 -29.6793 15 0.00037065 3.83828
258.431 154.168 -76.5866 -29.6802 15 0.000420163 3.82249
258.611 152.075 -78.2821 -29.6814 15 0.000468512 3.80669
258.79 149.956 -79.9443 -29.6826 15 0.000515581 3.7909
258.97 147.81 -81.5728 -29.684 15 0.000561255 3.77511
259.15 145.639 -83.1673 -29.6855 15 0.000605416 3.75931
259.329 143.444 -84.7273 -29.6872 15 0.000647949 3.74352
259.509 141.224 -86.2523 -29.6889 15 0.000688734 3.72773
259.688 138.98 -87.7422 -29.6908 15 0.000727653 3.71193
259.868 136.713 -89.1964 -29.6927 15 0.000764588 3.69614
260.047 134.423 -90.6146 -29.6948 15 0.000799418 3.68035
260.227 132.111 -91.9965 -29.6969 15 0.000832023 3.66455
260.407 129.778 -93.3418 -29.6992 15 0.000862282 3.64876
260.586 127.423 -94.6499 -29.7015 15 0.000890073 3.63297
260.766 125.049 -95.9208 -29.7039 15 0.000915273 3.61717
260.945 122.654 -97.154 -29.7064 15 0.00093776 3.60138
261.125 120.24 -98.3492 -29.7089 15 0.00095741 3.58558
261.304 117.808 -99.5061 -29.7115 15 0.000974097 3.56979
261.484 115.358 -100.625 -29.7141 15 0.000987698 3.554
261.663 112.89 -101.704 -29.7168 15 0.000998087 3.5382
261.843 110.406 -102.745 -29.7194 15 0.00100514 3.52241
262.023 107.906 -103.746 -29.7222 15 0.00100872 3.50662
262.202 105.39 -104.707 -29.7249 15 0.00100931 3.49872
262.388 105.39 -104.707 -29.7249 15 0.00100931 3.49872
262.573 102.781 -105.681 -29.7277 15 0.00100931 3.49872
262.759 100.171 -106.654 -29.7305 15 0.00100931 3.49872
262.945 97.5624 -107.628 -29.7333 15 0.00100931 3.49872
263.13 94.9534 -108.601 -29.7361 15 0.00100931 3.49872
263.316 92.3443 -109.575 -29.7389 15 0.00100931 3.49872
263.502 89.7353 -110.548 -29.7417 15 0.00100931 3.49872
263.687 87.1262 -111.522 -29.7445 15 0.00100931 3.49872
263.873 84.5172 -112.495 -29.7474 15 0.00100931 3.49872
264.059 81.9081 -113.469 -29.7502 15 0.00100931 3.49872
264.244 79.2991 -114.442 -29.753 15 0.00100931 3.49872
264.43 76.69 -115.416 -29.7558 15 0.00100931 3.49872
264.616 74.081 -116.389 -29.7586 15 0.00100931 3.49872
264.801 71.4719 -117.363 -29.7614 15 0.00100931 3.49872
264.987 68.8629 -118.336 -29.7642 15 0.00100931 3.49872
265.173 66.2538 -119.31 -29.767 15 0.00100931 3.49872
265.358 63.6448 -120.283 -29.7698 15 0.00100931 3.49872
265.544 61.0357 -121.257 -29.7727 15 0.00100931 3.49872
265.73 58.4267 -122.23 -29.7755 15 0.00100931 3.49872
265.915 55.8176 -123.204 -29.7783 15 0.00100931 3.49872
266.101 53.2086 -124.177 -29.7811 15 0.00100931 3.49872
266.286 50.5995 -125.151 -29.7839 15 0.00100931 3.49872
266.472 47.9905 -126.124 -29.7867 15 0.00100931 3.49872
266.658 45.3814 -127.098 -29.7895 15 0.00100931 3.49872
266.843 42.7724 -128.071 -29.7923 15 0.00100931 3.49872
267.029 40.1633 -129.045 -29.7951 15 0.00100931 3.49872
267.215 37.5543 -130.018 -29.798 15 0.00100931 3.49872
267.4 34.9452 -130.992 -29.8008 15 0.00100931 3.49872
267.586 32.3362 -131.965 -29.8036 15 0.00100931 3.49872
267.772 29.7271 -132.939 -29.8064 15 0.00100931 3.49872
267.957 27.1181 -133.912 -29.8092 15 0.00100931 3.49872
268.143 24.509 -134.886 -29.812 15 0.00100931 3.49872
268.329 21.9 -135.859 -29.8148 15 0.00100931 3.49872
268.496 21.9 -135.859 -29.8148 15 0.00100931 3.49872
268.663 19.5501 -136.736 -29.8173 15 0.00100931 3.49872
268.83 17.2001 -137.613 -29.8199 15 0.00100931 3.49872
268.997 14.8502 -138.49 -29.8224 15 0.00100931 3.49872
269.165 12.5002 -139.367 -29.8249 15 0.00100931 3.49872
269.332 10.1503 -140.244 -29.8275 15 0.00100931 3.49872
269.499 7.80035 -141.12 -29.83 15 0.00100931 3.49872
269.666 5.45041 -141.997 -29.8325 15 0.00100931 3.49872
269.834 3.10047 -142.874 -29.8351 15 0.00100931 3.49872
270.001 0.750524 -143.751 -29.8376 15 0.00100931 3.49872
270.168 -1.59942 -144.628 -29.8401 15 0.00100931 3.49872
270.335 -3.94936 -145.504 -29.8427 15 0.00100931 3.49872
270.502 -6.2993 -146.381 -29.8452 15 0.00100931 3.49872
270.67 -8.64924 -147.258 -29.8477 15 0.00100931 3.49872
270.837 -10.9992 -148.135 -29.8503 15 0.00100931 3.49872
271.004 -13.3491 -149.012 -29.8528 15 0.00100931 3.49872
271.171 -15.6991 -149.889 -29.8553 15 0.00100931 3.49872
271.338 -18.049 -150.765 -29.8579 15 0.00100931 3.49872
271.506 -20.399 -151.642 -29.8604 15 0.00100931 3.49872
271.673 -22.7489 -152.519 -29.8629 15 0.00100931 3.49872
271.84 -25.0988 -153.396 -29.8654 15 0.00100931 3.49872
272.007 -27.4488 -154.273 -29.868 15 0.00100931 3.49872
272.175 -29.7987 -155.15 -29.8705 15 0.00100931 3.49872
272.342 -32.1487 -156.026 -29.873 15 0.00100931 3.49872
272.509 -34.4986 -156.903 -29.8756 15 0.00100931 3.49872
272.676 -36.8485 -157.78 -29.8781 15 0.00100931 3.49872
272.843 -39.1985 -158.657 -29.8806 15 0.00100931 3.49872
273.011 -41.5484 -159.534 -29.8832 15 0.00100931 3.49872
273.178 -43.8984 -160.411 -29.8857 15 0.00100931 3.49872
273.345 -46.2483 -161.287 -29.8882 15 0.00100931 3.49872
273.512 -48.5983 -162.164 -29.8908 15 0.00100931 3.49872
273.679 -50.9482 -163.041 -29.8933 15 0.00100931 3.49872
273.847 -53.2981 -163.918 -29.8958 15 0.00100931 3.49872
274.014 -55.6481 -164.795 -29.8984 15 0.00100931 3.49872
274.181 -57.998 -165.672 -29.9009 15 0.00100931 3.49872
274.348 -60.348 -166.548 -29.9034 15 0.00100931 3.49872
274.516 -62.6979 -167.425 -29.906 15 0.00100931 3.49872
274.683 -65.0478 -168.302 -29.9085 15 0.00100931 3.49872
274.85 -67.3978 -169.179 -29.911 15 0.00100931 3.49872
275.017 -69.7477 -170.056 -29.9135 15 0.00100931 3.49872
275.184 -72.0977 -170.932 -29.9161 15 0.00100931 3.49872
275.352 -74.4476 -171.809 -29.9186 15 0.00100931 3.49872
275.519 -76.7976 -172.686 -29.9211 15 0.00100931 3.49872
275.686 -79.1475 -173.563 -29.9237 15 0.00100931 3.49872
275.853 -81.4974 -174.44 -29.9262 15 0.00100931 3.49872
276.02 -83.8474 -175.317 -29.9287 15 0.00100931 3.49872
276.188 -86.1973 -176.193 -29.9313 15 0.00100931 3.49872
276.355 -88.5473 -177.07 -29.9338 15 0.00100931 3.49872
276.522 -90.8972 -177.947 -29.9363 15 0.00100931 3.49872
276.689 -93.2471 -178.824 -29.9389 15 0.00100931 3.49872
276.857 -95.5971 -179.701 -29.9414 15 0.00100931 3.49872
277.024 -97.947 -180.578 -29.9439 15 0.00100931 3.49872
277.191 -100.297 -181.454 -29.9465 15 0.00100931 3.49872
277.358 -102.647 -182.331 -29.949 15 0.00100931 3.49872
277.525 -104.997 -183.208 -29.9515 15 0.00100931 3.49872
277.693 -107.347 -184.085 -29.9541 15 0.00100931 3.49872
277.86 -109.697 -184.962 -29.9566 15 0.00100931 3.49872
278.027 -112.047 -185.839 -29.9591 15 0.00100931 3.49872
278.194 -114.397 -186.715 -29.9616 15 0.00100931 3.49872
278.361 -116.747 -187.592 -29.9642 15 0.00100931 3.49872
278.529 -119.097 -188.469 -29.9667 15 0.00100931 3.49872
278.696 -121.446 -189.346 -29.9692 15 0.00100931 3.49872
278.863 -123.796 -190.223 -29.9718 15 0.00100931 3.49872
279.03 -126.146 -191.1 -29.9743 15 0.00100931 3.49872
279.197 -128.496 -191.976 -29.9768 15 0.00100571 3.48756
279.387 -128.496 -191.976 -29.9768 15 0.00100571 3.48756
279.576 -131.166 -192.939 -29.9797 15 0.000984785 3.46524
279.765 -133.857 -193.842 -29.9825 15 0.000945275 3.44292
279.954 -136.568 -194.684 -29.9852 15 0.000889774 3.4206
280.144 -139.297 -195.466 -29.9877 15 0.000820942 3.39828
280.333 -142.042 -196.186 -29.99 15 0.000741497 3.37596
280.522 -144.803 -196.845 -29.9921 15 0.000654216 3.35364
280.711 -147.578 -197.443 -29.994 15 0.000561938 3.33132
280.901 -150.365 -197.978 -29.9956 15 0.000467559 3.309
281.09 -153.164 -198.451 -29.9969 15 0.000374037 3.28668
281.279 -155.972 -198.861 -29.998 15 0.000284389 3.26436
281.468 -158.789 -199.209 -29.9988 15 0.00020169 3.24203
281.657 -161.613 -199.493 -29.9993 15 0.000129078 3.21971
281.847 -164.443 -199.715 -29.9997 15 6.97469e-005 3.19739
282.036 -167.277 -199.873 -29.9999 15 2.69534e-005 3.17507
282.225 -170.114 -199.968 -30 15 4.01233e-006 3.15275
282.414 -172.952 -200 -30 15 -0 3.14159
282.551 -172.952 -200 -30 15 -0 3.14159
