time x y z V_A gamma chi
0 -462.5 -300 -100 15 -0 0
0.470139 -462.5 -300 -100 15 -0 0
0.940278 -458.269 -300 -100 15 -0 0
1.41042 -454.037 -300 -100 15 -0 0
1.88056 -449.806 -300 -100 15 -0 0
2.35069 -445.575 -300 -100 15 -0 0
2.82083 -441.344 -300 -100 15 -0 0
3.29097 -437.112 -300 -100 15 -0 0
3.76111 -432.881 -300 -100 15 -0 0
4.23125 -428.65 -300 -100 15 -0 0.209776
4.61719 -428.65 -300 -100 15 -0 0.209776
5.00314 -425.238 -299.274 -100 15 -0 0.610467
5.38908 -422.188 -297.14 -100 15 -0 0.793896
5.79869 -422.188 -297.14 -100 15 -0 0.793896
6.2083 -419.268 -294.169 -100 15 -0 0.793896
6.61791 -416.347 -291.199 -100 15 -0 0.793896
7.02752 -413.426 -288.228 -100 15 -0 0.793896
7.43713 -410.506 -285.257 -100 15 -0 0.793896
7.84674 -407.585 -282.287 -100 15 -0 0.793896
8.25635 -404.665 -279.316 -100 15 -0 0.793896
8.66596 -401.744 -276.345 -100 15 -0 0.793896
9.07557 -398.823 -273.375 -100 15 -0 0.793896
9.48518 -395.903 -270.404 -100 15 -0 0.793896
9.89479 -392.982 -267.433 -100 15 -0 0.793896
10.3044 -390.062 -264.463 -100 15 -0 0.793896
10.714 -387.141 -261.492 -100 15 -0 0.793896
11.1236 -384.22 -258.521 -100 15 -0 0.793896
11.5332 -381.3 -255.551 -100 15 -0 0.793896
11.9428 -378.379 -252.58 -100 15 -0 0.793896
12.3524 -375.459 -249.609 -100 15 -0 0.793896
12.7791 -375.459 -249.609 -100 15 -0 0.793896
13.2058 -372.416 -246.515 -100 15 -0 0.793896
13.6326 -369.374 -243.42 -100 15 -0 0.793896
14.0593 -366.331 -240.326 -100 15 -0 0.793896
14.486 -363.289 -237.231 -100 15 -0 0.793896
14.9127 -360.246 -234.136 -100 15 -0 0.793896
15.3394 -357.204 -231.042 -100 15 -0 0.793896
15.7661 -354.161 -227.947 -100 15 -0 0.793896
16.1928 -351.119 -224.852 -100 15 -0 0.793896
16.6195 -348.076 -221.758 -100 15 -0 0.793896
17.0462 -345.034 -218.663 -100 15 -0 0.793896
17.4729 -341.992 -215.569 -100 15 -0 0.793896
17.8996 -338.949 -212.474 -100 15 -0 0.793896
18.3263 -335.907 -209.379 -100 15 -0 0.793896
18.753 -332.864 -206.285 -100 15 -0 0.793896
19.1797 -329.822 -203.19 -100 15 -0 0.793896
19.6064 -326.779 -200.096 -100 15 -0 0.679757
19.849 -326.779 -200.096 -100 15 -0 0.679757
20.0917 -324.923 -198.595 -100 15 -0 0.560143
20.5491 -324.923 -198.595 -100 15 -0 0.560143
21.0065 -321.213 -196.268 -100 15 -0 0.560143
21.4639 -317.503 -193.942 -100 15 -0 0.560143
21.9213 -313.793 -191.615 -100 15 -0 0.560143
22.3787 -310.083 -189.288 -100 15 -0 0.560143
22.8361 -306.373 -186.961 -100 15 -0 0.560143
23.2935 -302.663 -184.635 -100 15 -0 0.560143
23.7509 -298.953 -182.308 -100 15 -0 0.560143
24.2083 -295.243 -179.981 -100 15 -0 0.560143
24.6657 -291.532 -177.654 -100 15 -0 0.560143
25.1231 -287.822 -175.328 -100 15 -0 0.560143
25.5805 -284.112 -173.001 -100 15 -0 0.560143
26.0379 -280.402 -170.674 -100 15 -0 0.560143
26.4953 -276.692 -168.347 -100 15 -0 0.560143
26.9527 -272.982 -166.021 -100 15 -0 0.560143
27.4102 -269.272 -163.694 -100 15 -0 0.560143
27.8676 -265.562 -161.367 -100 15 -0 0.560143
28.3203 -265.562 -161.367 -100 15 -0 0.560143
28.7731 -261.89 -159.064 -100 15 -0 0.560143
29.2259 -258.217 -156.761 -100 15 -0 0.560143
29.6786 -254.545 -154.458 -100 15 -0 0.560143
30.1314 -250.872 -152.154 -100 15 -0 0.560143
30.5842 -247.2 -149.851 -100 15 -0 0.560143
31.0369 -243.527 -147.548 -100 15 -0 0.560143
31.4897 -239.855 -145.245 -100 15 -0 0.560143
31.9425 -236.182 -142.942 -100 15 -0 0.560143
32.3953 -232.51 -140.638 -100 15 -0 0.560143
32.848 -228.837 -138.335 -100 15 -0 0.560143
33.3008 -225.165 -136.032 -100 15 -0 0.560143
33.7536 -221.492 -133.729 -100 15 -0 0.560143
34.2063 -217.82 -131.426 -100 15 -0 0.560143
34.6591 -214.147 -129.123 -100 15 -0 0.560143
35.1119 -210.475 -126.819 -100 15 -0 0.560143
35.5647 -206.803 -124.516 -100 15 -0 0.748446
35.9502 -206.803 -124.516 -100 15 -0 0.748446
36.3357 -203.979 -121.894 -100 15 -0 0.922578
36.7835 -203.979 -121.894 -100 15 -0 0.922578
37.2313 -201.114 -118.112 -100 15 -0 0.922578
37.6791 -198.25 -114.33 -100 15 -0 0.922578
38.1268 -195.386 -110.549 -100 15 -0 0.922578
38.5746 -192.522 -106.767 -100 15 -0 0.922578
39.0224 -189.658 -102.985 -100 15 -0 0.922578
39.4701 -186.793 -99.2039 -100 15 -0 0.922578
39.9179 -183.929 -95.4222 -100 15 -0 0.922578
40.3657 -181.065 -91.6406 -100 15 -0 0.922578
40.8189 -181.065 -91.6406 -100 15 -0 0.922578
41.2721 -178.166 -87.8129 -100 15 -0 0.922578
41.7254 -175.267 -83.9852 -100 15 -0 0.922578
42.1786 -172.368 -80.1576 -100 15 -0 0.922578
42.6318 -169.469 -76.3299 -100 15 -0 0.922578
43.085 -166.57 -72.5022 -100 15 -0 0.922578
43.5383 -163.671 -68.6745 -100 15 -0 0.922578
43.9915 -160.772 -64.8468 -100 15 -0 0.922578
44.4447 -157.872 -61.0191 -100 15 -0 0.788764
44.743 -157.872 -61.0191 -100 15 -0 0.788764
45.0412 -155.743 -58.8754 -100 15 -0 0.646352
45.4551 -155.743 -58.8754 -100 15 -0 0.646352
45.8689 -152.516 -56.4408 -100 15 -0 0.646352
46.2827 -149.289 -54.0062 -100 15 -0 0.646352
46.6965 -146.062 -51.5716 -100 15 -0 0.646352
47.1103 -142.835 -49.137 -100 15 -0 0.646352
47.5241 -139.609 -46.7024 -100 15 -0 0.646352
47.9379 -136.382 -44.2678 -100 15 -0 0.646352
48.3517 -133.155 -41.8332 -100 15 -0 0.646352
48.7655 -129.928 -39.3986 -100 15 -0 0.646352
49.1794 -126.701 -36.964 -100 15 -0 0.646352
49.5932 -123.474 -34.5295 -100 15 -0 0.646352
50.007 -120.247 -32.0949 -100 15 -0 0.646352
50.4208 -117.02 -29.6603 -100 15 -0 0.646352
50.8346 -113.793 -27.2257 -100 15 -0 0.646352
51.2484 -110.566 -24.7911 -100 15 -0 0.646352
51.6622 -107.339 -22.3565 -100 15 -0 0.646352
52.076 -104.112 -19.9219 -100 15 -0 0.646352
52.4785 -104.112 -19.9219 -100 15 -0 0.646352
52.881 -100.974 -17.554 -100 15 -0 0.646352
53.2835 -97.8354 -15.186 -100 15 -0 0.646352
53.6859 -94.6968 -12.8181 -100 15 -0 0.646352
54.0884 -91.5583 -10.4502 -100 15 -0 0.646352
54.4909 -88.4198 -8.08231 -100 15 -0 0.646352
54.8934 -85.2812 -5.7144 -100 15 -0 0.646352
55.2958 -82.1427 -3.34649 -100 15 -0 0.646352
55.6983 -79.0041 -0.978574 -100 15 -0 0.646352
56.1008 -75.8656 1.38934 -100 15 -0 0.646352
56.5033 -72.7271 3.75725 -100 15 -0 0.646352
56.9058 -69.5885 6.12516 -100 15 -0 0.646352
57.3082 -66.45 8.49308 -100 15 -0 0.646352
57.7107 -63.3115 10.861 -100 15 -0 0.646352
58.1132 -60.1729 13.2289 -100 15 -0 0.646352
58.5157 -57.0344 15.5968 -100 15 -0 0.646352
58.9181 -53.8959 17.9647 -100 15 -0 0.483502
59.2453 -53.8959 17.9647 -100 15 -0 0.483502
59.5725 -51.1738 19.394 -100 15 -0 0.136938
59.8997 -48.2552 19.7962 -100 15 -0 6.24195
60.2245 -48.2552 19.7962 -100 15 -0 6.24195
60.5494 -45.3326 19.6756 -100 15 -0 6.24195
60.8743 -42.4101 19.555 -100 15 -0 6.24195
61.1992 -39.4876 19.4344 -100 15 -0 6.24195
61.5241 -36.565 19.3138 -100 15 -0 6.24195
61.849 -33.6425 19.1933 -100 15 -0 6.24195
62.1739 -30.7199 19.0727 -100 15 -0 6.24195
62.4988 -27.7974 18.9521 -100 15 -0 6.24195
62.8237 -24.8748 18.8315 -100 15 -0 6.24195
63.1486 -21.9523 18.7109 -100 15 -0 6.24195
63.4735 -19.0297 18.5903 -100 15 -0 6.24195
63.7984 -16.1072 18.4698 -100 15 -0 6.24195
64.1233 -13.1846 18.3492 -100 15 -0 6.24195
64.4482 -10.2621 18.2286 -100 15 -0 6.24195
64.773 -7.33955 18.108 -100 15 -0 6.24195
65.0979 -4.41701 17.9874 -100 15 -0 6.24195
65.4228 -1.49446 17.8668 -100 15 -0 6.24195
65.7477 1.42809 17.7463 -100 15 -0 6.24195
66.0726 4.35063 17.6257 -100 15 -0 6.24195
66.3975 7.27318 17.5051 -100 15 -0 6.24195
66.7224 10.1957 17.3845 -100 15 -0 6.24195
67.0473 13.1183 17.2639 -100 15 -0 6.24195
67.3722 16.0408 17.1433 -100 15 -0 6.24195
67.6971 18.9634 17.0228 -100 15 -0 6.24195
68.022 21.8859 16.9022 -100 15 -0 6.24195
68.3469 24.8085 16.7816 -100 15 -0 6.24195
68.6718 27.731 16.661 -100 15 -0 6.24195
68.9967 30.6535 16.5404 -100 15 -0 6.24195
69.3216 33.5761 16.4198 -100 15 -0 6.24195
69.6464 36.4986 16.2993 -100 15 -0 6.24195
69.9713 39.4212 16.1787 -100 15 -0 6.24195
70.2962 42.3437 16.0581 -100 15 -0 6.24195
70.6211 45.2663 15.9375 -100 15 -0 6.24195
70.9513 45.2663 15.9375 -100 15 -0 6.24195
71.2816 48.2368 15.8149 -100 15 -0 6.24195
71.6118 51.2073 15.6924 -100 15 -0 6.24195
71.942 54.1778 15.5698 -100 15 -0 6.24195
72.2722 57.1483 15.4473 -100 15 -0 6.24195
72.6025 60.1188 15.3247 -100 15 -0 6.24195
72.9327 63.0893 15.2021 -100 15 -0 6.24195
73.2629 66.0598 15.0796 -100 15 -0 6.24195
73.5931 69.0303 14.957 -100 15 -0 6.24195
73.9234 72.0009 14.8344 -100 15 -0 6.24195
74.2536 74.9714 14.7119 -100 15 -0 6.24195
74.5838 77.9419 14.5893 -100 15 -0 6.24195
74.914 80.9124 14.4668 -100 15 -0 6.24195
75.2443 83.8829 14.3442 -100 15 -0 6.24195
75.5745 86.8534 14.2216 -100 15 -0 6.24195
75.9047 89.8239 14.0991 -100 15 -0 6.24195
76.2349 92.7944 13.9765 -100 15 -0 6.24195
76.5652 95.7649 13.8539 -100 15 -0 6.24195
76.8954 98.7354 13.7314 -100 15 -0 6.24195
77.2256 101.706 13.6088 -100 15 -0 6.24195
77.5558 104.676 13.4863 -100 15 -0 6.24195
77.8861 107.647 13.3637 -100 15 -0 6.24195
78.2163 110.617 13.2411 -100 15 -0 6.24195
78.5465 113.588 13.1186 -100 15 -0 6.24195
78.8767 116.558 12.996 -100 15 -0 6.24195
79.207 119.529 12.8734 -100 15 -0 6.24195
79.5372 122.499 12.7509 -100 15 -0 6.24195
79.8674 125.47 12.6283 -100 15 -0 6.24195
80.1976 128.441 12.5058 -100 15 -0 6.24195
80.5279 131.411 12.3832 -100 15 -0 6.24195
80.8581 134.382 12.2606 -100 15 -0 6.24195
81.1883 137.352 12.1381 -100 15 -0 6.24195
81.5186 140.323 12.0155 -100 15 -0 0.14023
81.8518 140.323 12.0155 -100 15 -0 0.14023
82.185 143.294 12.4349 -100 15 -0 0.318818
82.5206 143.294 12.4349 -100 15 -0 0.318818
82.8561 146.221 13.4009 -100 15 -0 0.318818
83.1917 149.147 14.3669 -100 15 -0 0.318818
83.5273 152.074 15.3329 -100 15 -0 0.318818
83.8628 155 16.2989 -100 15 -0 0.318818
84.1984 157.927 17.2648 -100 15 -0 0.318818
84.534 160.853 18.2308 -100 15 -0 0.318818
84.8695 163.78 19.1968 -100 15 -0 0.318818
85.2051 166.706 20.1628 -100 15 -0 0.318818
85.5406 169.633 21.1288 -100 15 -0 0.318818
85.8762 172.559 22.0947 -100 15 -0 0.318818
86.2118 175.486 23.0607 -100 15 -0 0.318818
86.5473 178.412 24.0267 -100 15 -0 0.318818
86.8829 181.339 24.9927 -100 15 -0 0.318818
87.2185 184.265 25.9587 -100 15 -0 0.318818
87.554 187.192 26.9246 -100 15 -0 0.318818
87.8896 190.118 27.8906 -100 15 -0 0.318818
88.2221 190.118 27.8906 -100 15 -0 0.318818
88.5545 193.018 28.8477 -100 15 -0 0.318818
88.887 195.917 29.8048 -100 15 -0 0.318818
89.2195 198.817 30.7618 -100 15 -0 0.318818
89.5519 201.716 31.7189 -100 15 -0 0.318818
89.8844 204.616 32.6759 -100 15 -0 0.318818
90.2169 207.515 33.633 -100 15 -0 0.318818
90.5493 210.415 34.5901 -100 15 -0 0.318818
90.8818 213.314 35.5471 -100 15 -0 0.318818
91.2143 216.214 36.5042 -100 15 -0 0.318818
91.5467 219.113 37.4613 -100 15 -0 0.318818
91.8792 222.013 38.4183 -100 15 -0 0.318818
92.2117 224.912 39.3754 -100 15 -0 0.318818
92.5441 227.812 40.3325 -100 15 -0 0.318818
92.8766 230.711 41.2895 -100 15 -0 0.318818
93.2091 233.611 42.2466 -100 15 -0 0.318818
93.5415 236.51 43.2037 -100 15 -0 0.539863
93.9667 236.51 43.2037 -100 15 -0 0.539863
94.3919 239.969 45.2764 -100 15 -0 0.746036
94.6413 239.969 45.2764 -100 15 -0 0.746036
94.8907 241.806 46.9743 -100 15 -0 0.746036
95.1401 243.644 48.6722 -100 15 -0 0.746036
95.3895 245.481 50.3701 -100 15 -0 0.746036
95.6389 247.318 52.068 -100 15 -0 0.746036
95.8883 249.155 53.7659 -100 15 -0 0.746036
96.1378 250.992 55.4638 -100 15 -0 0.746036
96.3872 252.829 57.1617 -100 15 -0 0.746036
96.6366 254.666 58.8596 -100 15 -0 0.746036
96.886 256.503 60.5575 -100 15 -0 0.746036
97.1354 258.341 62.2554 -100 15 -0 0.746036
97.3848 260.178 63.9533 -100 15 -0 0.746036
97.6342 262.015 65.6512 -100 15 -0 0.746036
97.8836 263.852 67.3491 -100 15 -0 0.746036
98.133 265.689 69.0471 -100 15 -0 0.746036
98.3824 267.526 70.745 -100 15 -0 0.746036
98.6318 269.363 72.4429 -100 15 -0 0.746036
98.8812 271.2 74.1408 -100 15 -0 0.746036
99.1306 273.038 75.8387 -100 15 -0 0.746036
99.38 274.875 77.5366 -100 15 -0 0.746036
99.6294 276.712 79.2345 -100 15 -0 0.746036
99.8788 278.549 80.9324 -100 15 -0 0.746036
100.128 280.386 82.6303 -100 15 -0 0.746036
100.378 282.223 84.3282 -100 15 -0 0.746036
100.627 284.06 86.0261 -100 15 -0 0.746036
100.876 285.898 87.724 -100 15 -0 0.746036
101.126 287.735 89.4219 -100 15 -0 0.746036
101.375 289.572 91.1198 -100 15 -0 0.746036
101.625 291.409 92.8177 -100 15 -0 0.746036
101.874 293.246 94.5157 -100 15 -0 0.746036
102.123 295.083 96.2136 -100 15 -0 0.746036
102.373 296.92 97.9115 -100 15 -0 0.746036
102.622 298.757 99.6094 -100 15 -0 0.746036
102.876 298.757 99.6094 -100 15 -0 0.746036
103.129 300.625 101.335 -100 15 -0 0.746036
103.383 302.492 103.061 -100 15 -0 0.746036
103.636 304.359 104.786 -100 15 -0 0.746036
103.89 306.226 106.512 -100 15 -0 0.746036
104.143 308.093 108.238 -100 15 -0 0.746036
104.397 309.961 109.963 -100 15 -0 0.746036
104.65 311.828 111.689 -100 15 -0 0.746036
104.904 313.695 113.415 -100 15 -0 0.746036
105.157 315.562 115.141 -100 15 -0 0.746036
105.411 317.429 116.866 -100 15 -0 0.746036
105.664 319.296 118.592 -100 15 -0 0.746036
105.918 321.164 120.318 -100 15 -0 0.746036
106.171 323.031 122.043 -100 15 -0 0.746036
106.424 324.898 123.769 -100 15 -0 0.746036
106.678 326.765 125.495 -100 15 -0 0.746036
106.931 328.632 127.22 -100 15 -0 0.746036
107.185 330.5 128.946 -100 15 -0 0.746036
107.438 332.367 130.672 -100 15 -0 0.746036
107.692 334.234 132.397 -100 15 -0 0.746036
107.945 336.101 134.123 -100 15 -0 0.746036
108.199 337.968 135.849 -100 15 -0 0.746036
108.452 339.835 137.574 -100 15 -0 0.746036
108.706 341.703 139.3 -100 15 -0 0.746036
108.959 343.57 141.026 -100 15 -0 0.746036
109.213 345.437 142.752 -100 15 -0 0.746036
109.466 347.304 144.477 -100 15 -0 0.746036
109.72 349.171 146.203 -100 15 -0 0.746036
109.973 351.039 147.929 -100 15 -0 0.746036
110.227 352.906 149.654 -100 15 -0 0.746036
110.48 354.773 151.38 -100 15 -0 0.746036
110.734 356.64 153.106 -100 15 -0 0.746036
110.987 358.507 154.831 -100 15 -0 0.821921
111.15 358.507 154.831 -100 15 -0 0.821921
111.314 359.646 156.056 -100 15 -0 0.895212
111.587 359.646 156.056 -100 15 -0 0.895212
111.86 361.44 158.295 -100 15 -0 0.895212
112.133 363.234 160.534 -100 15 -0 0.895212
112.407 365.028 162.772 -100 15 -0 0.895212
112.68 366.822 165.011 -100 15 -0 0.895212
112.953 368.616 167.25 -100 15 -0 0.895212
113.226 370.41 169.489 -100 15 -0 0.895212
113.5 372.204 171.727 -100 15 -0 0.895212
113.773 373.998 173.966 -100 15 -0 0.895212
114.046 375.793 176.205 -100 15 -0 0.895212
114.319 377.587 178.444 -100 15 -0 0.895212
114.593 379.381 180.682 -100 15 -0 0.895212
114.866 381.175 182.921 -100 15 -0 0.895212
115.139 382.969 185.16 -100 15 -0 0.895212
115.413 384.763 187.398 -100 15 -0 0.895212
115.686 386.557 189.637 -100 15 -0 0.895212
115.959 388.351 191.876 -100 15 -0 0.895212
116.232 390.145 194.115 -100 15 -0 0.895212
116.506 391.939 196.353 -100 15 -0 0.895212
116.779 393.733 198.592 -100 15 -0 0.895212
117.052 395.527 200.831 -100 15 -0 0.895212
117.325 397.321 203.069 -100 15 -0 0.895212
117.599 399.115 205.308 -100 15 -0 0.895212
117.872 400.91 207.547 -100 15 -0 0.895212
118.145 402.704 209.786 -100 15 -0 0.895212
118.419 404.498 212.024 -100 15 -0 0.895212
118.692 406.292 214.263 -100 15 -0 0.895212
118.965 408.086 216.502 -100 15 -0 0.895212
119.238 409.88 218.74 -100 15 -0 0.895212
119.512 411.674 220.979 -100 15 -0 0.895212
119.785 413.468 223.218 -100 15 -0 0.895212
120.058 415.262 225.457 -100 15 -0 0.895212
120.331 417.056 227.695 -100 15 -0 0.895212
120.593 417.056 227.695 -100 15 -0 0.895212
120.855 418.774 229.838 -100 15 -0 0.895212
121.116 420.491 231.982 -100 15 -0 0.895212
121.378 422.209 234.125 -100 15 -0 0.895212
121.639 423.926 236.268 -100 15 -0 0.895212
121.901 425.644 238.411 -100 15 -0 0.895212
122.163 427.361 240.554 -100 15 -0 0.895212
122.424 429.079 242.697 -100 15 -0 0.895212
122.686 430.796 244.84 -100 15 -0 0.895212
122.947 432.514 246.984 -100 15 -0 0.895212
123.209 434.231 249.127 -100 15 -0 0.895212
123.471 435.948 251.27 -100 15 -0 0.895212
123.732 437.666 253.413 -100 15 -0 0.895212
123.994 439.383 255.556 -100 15 -0 0.895212
124.255 441.101 257.699 -100 15 -0 0.895212
124.517 442.818 259.842 -100 15 -0 0.895212
124.779 444.536 261.986 -100 15 -0 0.895212
125.04 446.253 264.129 -100 15 -0 0.895212
125.302 447.971 266.272 -100 15 -0 0.895212
125.563 449.688 268.415 -100 15 -0 0.895212
125.825 451.406 270.558 -100 15 -0 0.895212
126.087 453.123 272.701 -100 15 -0 0.895212
126.348 454.841 274.844 -100 15 -0 0.895212
126.61 456.558 276.988 -100 15 -0 0.895212
126.871 458.276 279.131 -100 15 -0 0.895212
127.133 459.993 281.274 -100 15 -0 0.895212
127.395 461.711 283.417 -100 15 -0 0.895212
127.656 463.428 285.56 -100 15 -0 0.895212
127.918 465.146 287.703 -100 15 -0 0.895212
128.179 466.863 289.846 -100 15 -0 0.895212
128.441 468.581 291.99 -100 15 -0 0.895212
128.703 470.298 294.133 -100 15 -0 0.895212
128.964 472.016 296.276 -100 15 -0 0.692493
129.406 472.016 296.276 -100 15 -0 0.692493
129.848 475.359 299.049 -100 15 -0 0.240001
130.29 479.244 300 -100 15 -0 0
130.578 479.244 300 -100 15 -0 0
130.866 481.838 300 -100 15 -0 0
131.155 484.433 300 -100 15 -0 0
131.443 487.027 300 -100 15 -0 0
131.731 489.622 300 -100 15 -0 0
132.02 492.216 300 -100 15 -0 0
132.308 494.811 300 -100 15 -0 0
132.596 497.405 300 -100 15 -0 0
