time x y z V_A gamma chi
0 -462.5 -500 -30 15 -0 0
0.376542 -462.5 -500 -30 15 -0 0
0.753085 -459.111 -500 -30 15 -0 0
1.12963 -455.722 -500 -30 15 -0 0
1.50617 -452.333 -500 -30 15 -0 0
1.88271 -448.944 -500 -30 15 -0 0
2.25925 -445.556 -500 -30 15 -0 0
2.6358 -442.167 -500 -30 15 -0 0
3.01234 -438.778 -500 -30 15 -0 0
3.38888 -435.389 -500 -30 15 -0 0.240772
3.83218 -435.389 -500 -30 15 -0 0.240772
4.27548 -431.492 -499.043 -30 15 -0 0.694561
4.71878 -428.142 -496.252 -30 15 -0 1.08803
4.94044 -425.84 -491.861 -30 15 -0 1.34251
5.16209 -425.216 -489.174 -30 15 -0 1.49755
5.38374 -425 -486.234 -30 15 -0 1.5708
5.71319 -425 -486.234 -30 15 -0 1.5708
6.04264 -425 -481.705 -30 15 -0 1.5708
6.3721 -425 -477.175 -30 15 -0 1.5708
6.70155 -425 -472.646 -30 15 -0 1.5708
7.031 -425 -468.117 -30 15 -0 1.5708
7.36045 -425 -463.588 -30 15 -0 1.5708
7.68991 -425 -459.058 -30 15 -0 1.5708
8.01936 -425 -454.529 -30 15 -0 1.5708
8.34881 -425 -450 -30 15 -0 1.5708
8.67827 -425 -450 -30 15 -0 1.5708
9.00772 -425 -445.471 -30 15 -0 1.5708
9.33717 -425 -440.942 -30 15 -0 1.5708
9.66662 -425 -436.412 -30 15 -0 1.5708
9.99608 -425 -431.883 -30 15 -0 1.5708
10.3255 -425 -427.354 -30 15 -0 1.5708
10.655 -425 -422.825 -30 15 -0 1.5708
10.9844 -425 -418.295 -30 15 -0 1.5708
11.3139 -425 -413.766 -30 15 -0 1.49755
11.5355 -425 -413.766 -30 15 -0 1.49755
11.7572 -424.784 -410.826 -30 15 -0 1.34251
12.2005 -424.16 -408.139 -30 15 -0 1.08803
12.6438 -421.858 -403.748 -30 15 -0 0.694561
13.0871 -418.508 -400.957 -30 15 -0 0.240772
13.5304 -414.611 -400 -30 15 -0 0
13.9363 -414.611 -400 -30 15 -0 0
14.3421 -410.958 -400 -30 15 -0 0
14.748 -407.306 -400 -30 15 -0 0
15.1538 -403.653 -400 -30 15 -0 0
15.5597 -400 -400 -30 15 -0 0
15.9005 -400 -400 -30 15 -0 0
16.2414 -396.933 -400 -30 15 -0 0
16.5822 -393.865 -400 -30 15 -0 0
16.923 -390.798 -400 -30 15 -0 0
17.2638 -387.73 -400 -30 15 -0 0
17.6047 -384.663 -400 -30 15 -0 0
17.9455 -381.595 -400 -30 15 -0 0
18.2863 -378.528 -400 -30 15 -0 0
18.6271 -375.461 -400 -30 15 -0 0.055696
18.7294 -375.461 -400 -30 15 -0 0.055696
18.8316 -374.541 -399.949 -30 15 -0 0.111282
19.1257 -374.541 -399.949 -30 15 -0 0.111282
19.4198 -371.905 -399.654 -30 15 -0 0.111282
19.7139 -369.268 -399.359 -30 15 -0 0.111282
20.0079 -366.631 -399.065 -30 15 -0 0.111282
20.302 -363.994 -398.77 -30 15 -0 0.111282
20.5961 -361.357 -398.476 -30 15 -0 0.111282
20.8902 -358.72 -398.181 -30 15 -0 0.111282
21.1842 -356.084 -397.886 -30 15 -0 0.111282
21.4783 -353.447 -397.592 -30 15 -0 0.111282
21.7724 -350.81 -397.297 -30 15 -0 0.111282
22.0665 -348.173 -397.002 -30 15 -0 0.111282
22.3606 -345.536 -396.708 -30 15 -0 0.111282
22.6546 -342.899 -396.413 -30 15 -0 0.111282
22.9487 -340.263 -396.118 -30 15 -0 0.111282
23.2428 -337.626 -395.824 -30 15 -0 0.111282
23.5369 -334.989 -395.529 -30 15 -0 0.111282
23.8309 -332.352 -395.234 -30 15 -0 0.111282
24.1164 -332.352 -395.234 -30 15 -0 0.111282
24.4019 -329.792 -394.948 -30 15 -0 0.111282
24.6874 -327.232 -394.662 -30 15 -0 0.111282
24.9729 -324.673 -394.376 -30 15 -0 0.111282
25.2584 -322.113 -394.09 -30 15 -0 0.111282
25.5439 -319.553 -393.804 -30 15 -0 0.111282
25.8293 -316.993 -393.518 -30 15 -0 0.111282
26.1148 -314.433 -393.232 -30 15 -0 0.111282
26.4003 -311.874 -392.946 -30 15 -0 0.111282
26.6858 -309.314 -392.66 -30 15 -0 0.111282
26.9713 -306.754 -392.374 -30 15 -0 0.111282
27.2568 -304.194 -392.088 -30 15 -0 0.111282
27.5423 -301.634 -391.802 -30 15 -0 0.111282
27.8278 -299.074 -391.516 -30 15 -0 0.111282
28.1132 -296.515 -391.23 -30 15 -0 0.111282
28.3987 -293.955 -390.944 -30 15 -0 0.111282
28.6842 -291.395 -390.658 -30 15 -0 6.19105
29.0577 -291.395 -390.658 -30 15 -0 6.19105
29.4311 -288.056 -390.966 -30 15 -0 5.99003
29.869 -288.056 -390.966 -30 15 -0 5.99003
30.3069 -284.218 -392.125 -30 15 -0 5.99003
30.7448 -280.38 -393.283 -30 15 -0 5.99003
31.1827 -276.542 -394.442 -30 15 -0 5.99003
31.6206 -272.704 -395.6 -30 15 -0 5.99003
32.0585 -268.866 -396.759 -30 15 -0 5.99003
32.4963 -265.028 -397.917 -30 15 -0 5.99003
32.9342 -261.19 -399.076 -30 15 -0 5.99003
33.3721 -257.352 -400.234 -30 15 -0 5.99003
33.8165 -257.352 -400.234 -30 15 -0 5.99003
34.2609 -253.457 -401.41 -30 15 -0 5.99003
34.7053 -249.562 -402.586 -30 15 -0 5.99003
35.1497 -245.667 -403.762 -30 15 -0 5.99003
35.5941 -241.772 -404.937 -30 15 -0 5.99003
36.0385 -237.877 -406.113 -30 15 -0 5.99003
36.4829 -233.982 -407.289 -30 15 -0 5.99003
36.9273 -230.087 -408.465 -30 15 -0 5.99003
37.3717 -226.192 -409.64 -30 15 -0 6.1356
37.6429 -226.192 -409.64 -30 15 -0 6.1356
37.9141 -223.772 -410 -30 15 -0 0
38.2443 -223.772 -410 -30 15 -0 0
38.5744 -220.801 -410 -30 15 -0 0
38.9046 -217.829 -410 -30 15 -0 0
39.2348 -214.858 -410 -30 15 -0 0
39.5649 -211.886 -410 -30 15 -0 0
39.8951 -208.915 -410 -30 15 -0 0
40.2253 -205.943 -410 -30 15 -0 0
40.5554 -202.972 -410 -30 15 -0 0
40.8856 -200 -410 -30 15 -0 0
41.2151 -200 -410 -30 15 -0 0
41.5446 -197.035 -410 -30 15 -0 0
41.8741 -194.069 -410 -30 15 -0 0
42.2035 -191.104 -410 -30 15 -0 0
42.533 -188.139 -410 -30 15 -0 0
42.8625 -185.173 -410 -30 15 -0 0
43.192 -182.208 -410 -30 15 -0 0
43.5215 -179.242 -410 -30 15 -0 0
43.851 -176.277 -410 -30 15 0.0642348 0.153114
44.1324 -176.277 -410 -30 15 0.0642348 0.153114
44.4137 -173.768 -409.613 -30.1633 15 0.125806 0.304567
44.9466 -173.768 -409.613 -30.1633 15 0.125806 0.304567
45.4794 -169.131 -408.155 -30.7781 15 0.125806 0.304567
46.0122 -164.494 -406.697 -31.3929 15 0.125806 0.304567
46.5451 -159.856 -405.24 -32.0077 15 0.125806 0.304567
47.0779 -155.219 -403.782 -32.6225 15 0.125806 0.304567
47.6107 -150.582 -402.324 -33.2373 15 0.125806 0.304567
48.1436 -145.944 -400.866 -33.8521 15 0.125806 0.304567
48.6764 -141.307 -399.409 -34.4668 15 0.125806 0.304567
49.2092 -136.67 -397.951 -35.0816 15 0.125806 0.304567
49.7421 -132.032 -396.493 -35.6964 15 0.125806 0.304567
50.2749 -127.395 -395.035 -36.3112 15 0.125806 0.304567
50.8077 -122.758 -393.578 -36.926 15 0.125806 0.304567
51.3406 -118.12 -392.12 -37.5408 15 0.125806 0.304567
51.8734 -113.483 -390.662 -38.1556 15 0.125806 0.304567
52.4062 -108.846 -389.205 -38.7704 15 0.125806 0.304567
52.9391 -104.208 -387.747 -39.3852 15 0.125806 0.304567
53.4719 -99.571 -386.289 -40 15 0.125806 0.304567
53.9971 -99.571 -386.289 -40 15 0.125806 0.304567
54.5223 -95.0002 -384.852 -40.606 15 0.125806 0.304567
55.0475 -90.4293 -383.415 -41.212 15 0.125806 0.304567
55.5726 -85.8585 -381.979 -41.8179 15 0.125806 0.304567
56.0978 -81.2877 -380.542 -42.4239 15 0.125806 0.304567
56.623 -76.7169 -379.105 -43.0299 15 0.125806 0.304567
57.1482 -72.146 -377.668 -43.6359 15 0.125806 0.304567
57.6734 -67.5752 -376.231 -44.2418 15 0.125806 0.304567
58.1986 -63.0044 -374.794 -44.8478 15 0.125806 0.304567
58.7238 -58.4335 -373.358 -45.4538 15 0.125806 0.304567
59.249 -53.8627 -371.921 -46.0598 15 0.125806 0.304567
59.7742 -49.2919 -370.484 -46.6658 15 0.125806 0.304567
60.2994 -44.721 -369.047 -47.2717 15 0.125806 0.304567
60.8245 -40.1502 -367.61 -47.8777 15 0.125806 0.304567
61.3497 -35.5794 -366.173 -48.4837 15 0.125806 0.304567
61.8749 -31.0086 -364.737 -49.0897 15 0.125806 0.304567
62.4001 -26.4377 -363.3 -49.6956 15 0.148065 0.0239422
62.9192 -26.4377 -363.3 -49.6956 15 0.148065 0.0239422
63.4382 -21.8272 -363.189 -50.3835 15 0.158846 6.02502
63.8528 -21.8272 -363.189 -50.3835 15 0.158846 6.02502
64.2674 -18.1997 -364.147 -50.9846 15 0.158846 6.02502
64.682 -14.5722 -365.105 -51.5856 15 0.158846 6.02502
65.0965 -10.9447 -366.063 -52.1866 15 0.158846 6.02502
65.5111 -7.31717 -367.021 -52.7876 15 0.158846 6.02502
65.9257 -3.68965 -367.979 -53.3887 15 0.158846 6.02502
66.3403 -0.0621362 -368.937 -53.9897 15 0.158846 6.02502
66.7549 3.56538 -369.895 -54.5907 15 0.158846 6.02502
67.1694 7.19289 -370.852 -55.1918 15 0.158846 6.02502
67.584 10.8204 -371.81 -55.7928 15 0.158846 6.02502
67.9986 14.4479 -372.768 -56.3938 15 0.158846 6.02502
68.4132 18.0754 -373.726 -56.9949 15 0.158846 6.02502
68.8277 21.703 -374.684 -57.5959 15 0.158846 6.02502
69.2423 25.3305 -375.642 -58.1969 15 0.158846 6.02502
69.6569 28.958 -376.6 -58.7979 15 0.158846 6.02502
70.0715 32.5855 -377.558 -59.399 15 0.158846 6.02502
70.4861 36.213 -378.516 -60 15 0.158846 6.02502
70.9109 36.213 -378.516 -60 15 0.158846 6.02502
71.3358 39.9305 -379.497 -60.6159 15 0.158846 6.02502
71.7606 43.6479 -380.479 -61.2319 15 0.158846 6.02502
72.1855 47.3654 -381.461 -61.8478 15 0.158846 6.02502
72.6103 51.0829 -382.442 -62.4637 15 0.158846 6.02502
73.0352 54.8003 -383.424 -63.0797 15 0.158846 6.02502
73.4601 58.5178 -384.405 -63.6956 15 0.158846 6.02502
73.8849 62.2352 -385.387 -64.3115 15 0.158846 6.02502
74.3098 65.9527 -386.369 -64.9275 15 0.158846 6.02502
74.7346 69.6702 -387.35 -65.5434 15 0.158846 6.02502
75.1595 73.3876 -388.332 -66.1593 15 0.158846 6.02502
75.5843 77.1051 -389.314 -66.7753 15 0.158846 6.02502
76.0092 80.8225 -390.295 -67.3912 15 0.158846 6.02502
76.4341 84.54 -391.277 -68.0071 15 0.158846 6.02502
76.8589 88.2575 -392.259 -68.6231 15 0.158846 6.02502
77.2838 91.9749 -393.24 -69.239 15 0.158846 6.02502
77.7086 95.6924 -394.222 -69.8549 15 0.157331 6.13291
77.9086 95.6924 -394.222 -69.8549 15 0.157331 6.13291
78.1085 97.4635 -394.49 -70.1391 15 0.15397 6.24195
78.4432 97.4635 -394.49 -70.1391 15 0.15397 6.24195
78.778 100.453 -394.613 -70.6035 15 0.15397 6.24195
79.1128 103.443 -394.737 -71.0679 15 0.15397 6.24195
79.4475 106.433 -394.86 -71.5323 15 0.15397 6.24195
79.7823 109.423 -394.984 -71.9967 15 0.15397 6.24195
80.117 112.412 -395.107 -72.4611 15 0.15397 6.24195
80.4518 115.402 -395.23 -72.9255 15 0.15397 6.24195
80.7865 118.392 -395.354 -73.3899 15 0.15397 6.24195
81.1213 121.382 -395.477 -73.8543 15 0.15397 6.24195
81.4561 124.371 -395.6 -74.3187 15 0.15397 6.24195
81.7908 127.361 -395.724 -74.7831 15 0.15397 6.24195
82.1256 130.351 -395.847 -75.2475 15 0.15397 6.24195
82.4603 133.341 -395.97 -75.7119 15 0.15397 6.24195
82.7951 136.33 -396.094 -76.1763 15 0.15397 6.24195
83.1298 139.32 -396.217 -76.6407 15 0.15397 6.24195
83.4646 142.31 -396.34 -77.1051 15 0.15397 6.24195
83.7994 145.3 -396.464 -77.5695 15 0.15397 6.24195
84.1341 148.29 -396.587 -78.0339 15 0.15397 6.24195
84.4689 151.279 -396.711 -78.4984 15 0.15397 6.24195
84.8036 154.269 -396.834 -78.9628 15 0.15397 6.24195
85.1384 157.259 -396.957 -79.4272 15 0.15397 6.24195
85.4731 160.249 -397.081 -79.8916 15 0.15397 6.24195
85.8079 163.238 -397.204 -80.356 15 0.15397 6.24195
86.1427 166.228 -397.327 -80.8204 15 0.15397 6.24195
86.4774 169.218 -397.451 -81.2848 15 0.15397 6.24195
86.8122 172.208 -397.574 -81.7492 15 0.15397 6.24195
87.1469 175.197 -397.697 -82.2136 15 0.15397 6.24195
87.4817 178.187 -397.821 -82.678 15 0.15397 6.24195
87.8164 181.177 -397.944 -83.1424 15 0.15397 6.24195
88.1512 184.167 -398.067 -83.6068 15 0.15397 6.24195
88.4859 187.157 -398.191 -84.0712 15 0.15397 6.24195
88.8207 190.146 -398.314 -84.5356 15 0.15397 6.24195
89.1555 193.136 -398.438 -85 15 0.15397 6.24195
89.4924 193.136 -398.438 -85 15 0.15397 6.24195
89.8293 196.145 -398.562 -85.4674 15 0.15397 6.24195
90.1661 199.154 -398.686 -85.9347 15 0.15397 6.24195
90.503 202.163 -398.81 -86.4021 15 0.15397 6.24195
90.8399 205.172 -398.934 -86.8695 15 0.15397 6.24195
91.1768 208.18 -399.058 -87.3368 15 0.15397 6.24195
91.5137 211.189 -399.182 -87.8042 15 0.15397 6.24195
91.8506 214.198 -399.307 -88.2716 15 0.15397 6.24195
92.1875 217.207 -399.431 -88.7389 15 0.15397 6.24195
92.5244 220.216 -399.555 -89.2063 15 0.15397 6.24195
92.8613 223.225 -399.679 -89.6737 15 0.15397 6.24195
93.1982 226.234 -399.803 -90.1411 15 0.15397 6.24195
93.5351 229.242 -399.927 -90.6084 15 0.15397 6.24195
93.872 232.251 -400.051 -91.0758 15 0.15397 6.24195
94.2089 235.26 -400.176 -91.5432 15 0.15397 6.24195
94.5458 238.269 -400.3 -92.0105 15 0.15397 6.24195
94.8827 241.278 -400.424 -92.4779 15 0.15397 6.24195
95.2196 244.287 -400.548 -92.9453 15 0.15397 6.24195
95.5565 247.296 -400.672 -93.4126 15 0.15397 6.24195
95.8933 250.304 -400.796 -93.88 15 0.15397 6.24195
96.2302 253.313 -400.92 -94.3474 15 0.15397 6.24195
96.5671 256.322 -401.045 -94.8147 15 0.15397 6.24195
96.904 259.331 -401.169 -95.2821 15 0.15397 6.24195
97.2409 262.34 -401.293 -95.7495 15 0.15397 6.24195
97.5778 265.349 -401.417 -96.2168 15 0.15397 6.24195
97.9147 268.358 -401.541 -96.6842 15 0.15397 6.24195
98.2516 271.366 -401.665 -97.1516 15 0.15397 6.24195
98.5885 274.375 -401.789 -97.6189 15 0.15397 6.24195
98.9254 277.384 -401.914 -98.0863 15 0.15397 6.24195
99.2623 280.393 -402.038 -98.5537 15 0.15397 6.24195
99.5992 283.402 -402.162 -99.0211 15 0.15397 6.24195
99.9361 286.411 -402.286 -99.4884 15 0.15397 6.24195
100.273 289.42 -402.41 -99.9558 15 0.077406 6.2768
100.337 289.42 -402.41 -99.9558 15 0.077406 6.2768
100.401 289.99 -402.414 -100 15 -0 0.0283862
100.695 289.99 -402.414 -100 15 -0 0.0283862
100.989 292.637 -402.339 -100 15 -0 0.0283862
101.283 295.285 -402.263 -100 15 -0 0.0283862
101.578 297.932 -402.188 -100 15 -0 0.0283862
101.872 300.58 -402.113 -100 15 -0 0.0283862
102.166 303.228 -402.038 -100 15 -0 0.0283862
102.46 305.875 -401.963 -100 15 -0 0.0283862
102.755 308.523 -401.888 -100 15 -0 0.0283862
103.049 311.171 -401.812 -100 15 -0 0.0283862
103.343 313.818 -401.737 -100 15 -0 0.0283862
103.637 316.466 -401.662 -100 15 -0 0.0283862
103.932 319.114 -401.587 -100 15 -0 0.0283862
104.226 321.761 -401.512 -100 15 -0 0.0283862
104.52 324.409 -401.436 -100 15 -0 0.0283862
104.814 327.057 -401.361 -100 15 -0 0.0283862
105.109 329.704 -401.286 -100 15 -0 0.0283862
105.403 332.352 -401.211 -100 15 -0 0.0283862
105.699 332.352 -401.211 -100 15 -0 0.0283862
105.995 335.018 -401.135 -100 15 -0 0.0283862
106.292 337.683 -401.06 -100 15 -0 0.0283862
106.588 340.349 -400.984 -100 15 -0 0.0283862
106.884 343.014 -400.908 -100 15 -0 0.0283862
107.18 345.68 -400.833 -100 15 -0 0.0283862
107.477 348.345 -400.757 -100 15 -0 0.0283862
107.773 351.011 -400.681 -100 15 -0 0.0283862
108.069 353.676 -400.605 -100 15 -0 0.0283862
108.365 356.342 -400.53 -100 15 -0 0.0283862
108.662 359.007 -400.454 -100 15 -0 0.0283862
108.958 361.673 -400.378 -100 15 -0 0.0283862
109.254 364.338 -400.303 -100 15 -0 0.0283862
109.55 367.004 -400.227 -100 15 -0 0.0283862
109.846 369.669 -400.151 -100 15 -0 0.0283862
110.143 372.335 -400.076 -100 15 -0 0.0283862
110.439 375 -400 -100 15 -0 0
110.786 375 -400 -100 15 -0 0
111.133 378.125 -400 -100 15 -0 0
111.481 381.25 -400 -100 15 -0 0
111.828 384.375 -400 -100 15 -0 0
112.175 387.5 -400 -100 15 -0 0
112.522 390.625 -400 -100 15 -0 0
112.87 393.75 -400 -100 15 -0 0
113.217 396.875 -400 -100 15 -0 0
113.564 400 -400 -100 15 -0 0
113.844 400 -400 -100 15 -0 0
114.124 402.522 -400 -100 15 -0 0
114.405 405.044 -400 -100 15 -0 0.172912
114.723 405.044 -400 -100 15 -0 0.172912
115.04 407.871 -399.506 -100 15 -0 0.507871
115.358 410.494 -398.046 -100 15 -0 0.81567
115.676 412.718 -395.683 -100 15 -0 1.09076
115.994 414.366 -392.518 -100 15 -0 1.3355
116.312 415.284 -388.688 -100 15 -0 1.55529
116.63 415.351 -384.357 -100 15 -0 1.75572
116.789 414.483 -379.712 -100 15 -0 1.89571
116.948 413.681 -377.334 -100 15 -0 1.98561
117.107 412.633 -374.953 -100 15 -0 2.02944
117.329 412.633 -374.953 -100 15 -0 2.02944
117.552 410.991 -371.628 -100 15 -0 2.02944
117.775 409.349 -368.303 -100 15 -0 2.02944
117.997 407.708 -364.978 -100 15 -0 2.02944
118.22 406.066 -361.653 -100 15 -0 2.02944
118.442 404.424 -358.328 -100 15 -0 2.02944
118.665 402.782 -355.003 -100 15 -0 2.02944
118.888 401.14 -351.677 -100 15 -0 2.02944
119.11 399.499 -348.352 -100 15 -0 2.02944
119.333 397.857 -345.027 -100 15 -0 2.02944
119.555 396.215 -341.702 -100 15 -0 2.02944
119.778 394.573 -338.377 -100 15 -0 2.02944
120.001 392.932 -335.052 -100 15 -0 2.02944
120.223 391.29 -331.727 -100 15 -0 2.02944
120.446 389.648 -328.402 -100 15 -0 2.02944
120.668 388.006 -325.077 -100 15 -0 2.02944
120.891 386.364 -321.752 -100 15 -0 2.02944
121.114 384.723 -318.427 -100 15 -0 2.02944
121.336 383.081 -315.102 -100 15 -0 2.02944
121.559 381.439 -311.777 -100 15 -0 2.02944
121.781 379.797 -308.452 -100 15 -0 2.02944
122.004 378.156 -305.126 -100 15 -0 2.02944
122.227 376.514 -301.801 -100 15 -0 2.02944
122.449 374.872 -298.476 -100 15 -0 2.02944
122.672 373.23 -295.151 -100 15 -0 2.02944
122.895 371.588 -291.826 -100 15 -0 2.02944
123.117 369.947 -288.501 -100 15 -0 2.02944
123.34 368.305 -285.176 -100 15 -0 2.02944
123.562 366.663 -281.851 -100 15 -0 2.02944
123.785 365.021 -278.526 -100 15 -0 2.02944
124.008 363.38 -275.201 -100 15 -0 2.02944
124.23 361.738 -271.876 -100 15 -0 2.02944
124.453 360.096 -268.551 -100 15 -0 2.02944
124.675 358.454 -265.226 -100 15 -0 2.02944
124.898 356.812 -261.901 -100 15 -0 2.02944
125.121 355.171 -258.575 -100 15 -0 2.02944
125.343 353.529 -255.25 -100 15 -0 2.02944
125.566 351.887 -251.925 -100 15 -0 2.02944
125.788 350.245 -248.6 -100 15 -0 2.02944
126.011 348.604 -245.275 -100 15 -0 2.02944
126.234 346.962 -241.95 -100 15 -0 2.02944
126.456 345.32 -238.625 -100 15 -0 2.02944
126.679 343.678 -235.3 -100 15 -0 2.02944
126.901 342.036 -231.975 -100 15 -0 2.02944
127.124 340.395 -228.65 -100 15 -0 2.02944
127.347 338.753 -225.325 -100 15 -0 2.02944
127.569 337.111 -222 -100 15 -0 2.02944
127.792 335.469 -218.675 -100 15 -0 2.02944
128.015 333.828 -215.35 -100 15 -0 2.02944
128.237 332.186 -212.025 -100 15 -0 2.02944
128.46 330.544 -208.699 -100 15 -0 2.02944
128.682 328.902 -205.374 -100 15 -0 2.02944
128.905 327.26 -202.049 -100 15 -0 2.02944
129.128 325.619 -198.724 -100 15 -0 2.02944
129.35 323.977 -195.399 -100 15 -0 2.02944
129.573 322.335 -192.074 -100 15 -0 2.02944
129.795 320.693 -188.749 -100 15 -0 2.02944
130.018 319.052 -185.424 -100 15 -0 2.02944
130.241 317.41 -182.099 -100 15 -0 2.02944
130.463 315.768 -178.774 -100 15 -0 2.02944
130.686 314.126 -175.449 -100 15 -0 2.02944
130.908 312.485 -172.124 -100 15 -0 2.02944
131.131 310.843 -168.799 -100 15 -0 2.02944
131.354 309.201 -165.474 -100 15 -0 2.02944
131.576 307.559 -162.148 -100 15 -0 2.02944
131.815 307.559 -162.148 -100 15 -0 2.02944
132.053 305.801 -158.587 -100 15 -0 2.02944
132.292 304.042 -155.026 -100 15 -0 2.02944
132.53 302.284 -151.464 -100 15 -0 2.02944
132.768 300.525 -147.903 -100 15 -0 2.02944
133.007 298.767 -144.342 -100 15 -0 2.02944
133.245 297.008 -140.78 -100 15 -0 2.02944
133.484 295.25 -137.219 -100 15 -0 2.02944
133.722 293.492 -133.657 -100 15 -0 2.02944
133.961 291.733 -130.096 -100 15 -0 2.02944
134.199 289.975 -126.535 -100 15 -0 2.02944
134.437 288.216 -122.973 -100 15 -0 2.02944
134.676 286.458 -119.412 -100 15 -0 2.02944
134.914 284.699 -115.851 -100 15 -0 2.02944
135.153 282.941 -112.289 -100 15 -0 2.02944
135.391 281.182 -108.728 -100 15 -0 2.02944
135.63 279.424 -105.166 -100 15 -0 2.02944
135.868 277.665 -101.605 -100 15 -0 2.02944
136.106 275.907 -98.0437 -100 15 -0 2.02944
136.345 274.149 -94.4824 -100 15 -0 2.02944
136.583 272.39 -90.921 -100 15 -0 2.02944
136.822 270.632 -87.3596 -100 15 -0 2.02944
137.06 268.873 -83.7982 -100 15 -0 2.02944
137.299 267.115 -80.2369 -100 15 -0 2.02944
137.537 265.356 -76.6755 -100 15 -0 2.02944
137.775 263.598 -73.1141 -100 15 -0 2.02944
138.014 261.839 -69.5527 -100 15 -0 2.02944
138.252 260.081 -65.9914 -100 15 -0 2.02944
138.491 258.323 -62.43 -100 15 -0 2.02944
138.729 256.564 -58.8686 -100 15 -0 2.02944
138.968 254.806 -55.3073 -100 15 -0 2.02944
139.206 253.047 -51.7459 -100 15 -0 2.02944
139.444 251.289 -48.1845 -100 15 -0 2.02944
139.683 249.53 -44.6231 -100 15 -0 2.02944
139.921 247.772 -41.0618 -100 15 -0 2.02944
140.16 246.013 -37.5004 -100 15 -0 2.02944
140.398 244.255 -33.939 -100 15 -0 2.02944
140.637 242.496 -30.3776 -100 15 -0 2.02944
140.875 240.738 -26.8163 -100 15 -0 2.02944
141.113 238.98 -23.2549 -100 15 -0 2.02944
141.352 237.221 -19.6935 -100 15 -0 2.02944
141.59 235.463 -16.1322 -100 15 -0 2.02944
141.829 233.704 -12.5708 -100 15 -0 2.02944
142.067 231.946 -9.00941 -100 15 -0 2.02944
142.306 230.187 -5.44804 -100 15 -0 2.02944
142.544 228.429 -1.88667 -100 15 -0 2.02944
142.782 226.67 1.67471 -100 15 -0 2.02944
143.021 224.912 5.23608 -100 15 -0 2.02944
143.259 223.153 8.79745 -100 15 -0 2.02944
143.498 221.395 12.3588 -100 15 -0 2.02944
143.736 219.637 15.9202 -100 15 -0 2.02944
143.975 217.878 19.4816 -100 15 -0 2.02944
144.213 216.12 23.0429 -100 15 -0 2.02944
144.451 214.361 26.6043 -100 15 -0 2.02944
144.69 212.603 30.1657 -100 15 -0 2.02944
144.928 210.844 33.7271 -100 15 -0 2.02944
145.167 209.086 37.2884 -100 15 -0 2.02944
145.405 207.327 40.8498 -100 15 -0 2.02944
145.644 205.569 44.4112 -100 15 -0 2.02944
145.882 203.811 47.9726 -100 15 -0 2.02944
146.12 202.052 51.5339 -100 15 -0 2.02944
146.359 200.294 55.0953 -100 15 -0 2.02944
146.597 198.535 58.6567 -100 15 -0 2.02944
146.836 196.777 62.218 -100 15 -0 2.02944
147.074 195.018 65.7794 -100 15 -0 2.07118
147.227 195.018 65.7794 -100 15 -0 2.07118
147.379 193.781 68.042 -100 15 -0 2.1529
147.531 192.32 70.2613 -100 15 -0 2.23285
147.684 190.642 72.4152 -100 15 -0 2.31125
147.836 188.752 74.4824 -100 15 -0 2.38831
147.989 186.662 76.4424 -100 15 -0 2.46421
148.141 184.383 78.2757 -100 15 -0 2.53911
148.294 181.928 79.9642 -100 15 -0 2.61316
148.446 179.313 81.491 -100 15 -0 2.64985
148.69 179.313 81.491 -100 15 -0 2.64985
148.934 175.009 83.796 -100 15 -0 2.64985
149.178 170.706 86.101 -100 15 -0 2.64985
149.421 166.403 88.4061 -100 15 -0 2.64985
149.665 162.099 90.7111 -100 15 -0 2.64985
149.909 157.796 93.0161 -100 15 -0 2.64985
150.153 153.493 95.3211 -100 15 -0 2.64985
150.397 149.189 97.6262 -100 15 -0 2.64985
150.641 144.886 99.9312 -100 15 -0 2.64985
150.885 140.583 102.236 -100 15 -0 2.64985
151.128 136.279 104.541 -100 15 -0 2.64985
151.372 131.976 106.846 -100 15 -0 2.64985
151.616 127.672 109.151 -100 15 -0 2.64985
151.86 123.369 111.456 -100 15 -0 2.64985
152.104 119.066 113.761 -100 15 -0 2.64985
152.348 114.762 116.066 -100 15 -0 2.64985
152.592 110.459 118.371 -100 15 -0 2.64985
152.835 106.156 120.676 -100 15 -0 2.64985
153.079 101.852 122.981 -100 15 -0 2.64985
153.323 97.549 125.286 -100 15 -0 2.64985
153.567 93.2456 127.592 -100 15 -0 2.64985
153.811 88.9423 129.897 -100 15 -0 2.64985
154.055 84.6389 132.202 -100 15 -0 2.64985
154.299 80.3356 134.507 -100 15 -0 2.64985
154.542 76.0322 136.812 -100 15 -0 2.64985
154.786 71.7289 139.117 -100 15 -0 2.64985
155.03 67.4255 141.422 -100 15 -0 2.64985
155.274 63.1222 143.727 -100 15 -0 2.64985
155.518 58.8188 146.032 -100 15 -0 2.64985
155.762 54.5154 148.337 -100 15 -0 2.64985
156.006 50.2121 150.642 -100 15 -0 2.64985
156.249 45.9087 152.947 -100 15 -0 2.64985
156.493 41.6054 155.252 -100 15 -0 2.64985
156.737 37.302 157.557 -100 15 -0 2.64985
156.981 32.9987 159.862 -100 15 -0 2.64985
157.225 28.6953 162.167 -100 15 -0 2.64985
157.469 24.392 164.472 -100 15 -0 2.64985
157.713 20.0886 166.777 -100 15 -0 2.64985
157.956 15.7852 169.082 -100 15 -0 2.64985
158.2 11.4819 171.387 -100 15 -0 2.64985
158.444 7.17854 173.692 -100 15 -0 2.64985
158.688 2.87518 175.997 -100 15 -0 2.64985
158.932 -1.42817 178.302 -100 15 -0 2.64985
159.176 -5.73153 180.607 -100 15 -0 2.64985
159.42 -10.0349 182.912 -100 15 -0 2.64985
159.663 -14.3382 185.217 -100 15 -0 2.64985
159.907 -18.6416 187.522 -100 15 -0 2.64985
160.151 -22.945 189.827 -100 15 -0 2.64985
160.395 -27.2483 192.132 -100 15 -0 2.64985
160.639 -31.5517 194.437 -100 15 -0 2.64985
160.883 -35.855 196.742 -100 15 -0 2.64985
161.127 -40.1584 199.047 -100 15 -0 2.64985
161.37 -44.4617 201.352 -100 15 -0 2.64985
161.614 -48.7651 203.657 -100 15 -0 2.64985
161.858 -53.0684 205.962 -100 15 -0 2.64985
162.102 -57.3718 208.267 -100 15 -0 2.64985
162.346 -61.6752 210.573 -100 15 -0 2.64985
162.59 -65.9785 212.878 -100 15 -0 2.64985
162.834 -70.2819 215.183 -100 15 -0 2.64985
163.077 -74.5852 217.488 -100 15 -0 2.64985
163.321 -78.8886 219.793 -100 15 -0 2.64985
163.565 -83.1919 222.098 -100 15 -0 2.64985
163.809 -87.4953 224.403 -100 15 -0 2.64985
164.053 -91.7986 226.708 -100 15 -0 2.64985
164.297 -96.102 229.013 -100 15 -0 2.64985
164.546 -96.102 229.013 -100 15 -0 2.64985
164.794 -100.492 231.364 -100 15 -0 2.64985
165.043 -104.883 233.716 -100 15 -0 2.64985
165.292 -109.273 236.068 -100 15 -0 2.64985
165.541 -113.663 238.419 -100 15 -0 2.64985
165.789 -118.054 240.771 -100 15 -0 2.64985
166.038 -122.444 243.123 -100 15 -0 2.64985
166.287 -126.835 245.474 -100 15 -0 2.64985
166.536 -131.225 247.826 -100 15 -0 2.64985
166.785 -135.615 250.177 -100 15 -0 2.64985
167.033 -140.006 252.529 -100 15 -0 2.64985
167.282 -144.396 254.881 -100 15 -0 2.64985
167.531 -148.786 257.232 -100 15 -0 2.64985
167.78 -153.177 259.584 -100 15 -0 2.64985
168.029 -157.567 261.936 -100 15 -0 2.64985
168.277 -161.957 264.287 -100 15 -0 2.64985
168.526 -166.348 266.639 -100 15 -0 2.64985
168.775 -170.738 268.99 -100 15 -0 2.64985
169.024 -175.128 271.342 -100 15 -0 2.64985
169.272 -179.519 273.694 -100 15 -0 2.64985
169.521 -183.909 276.045 -100 15 -0 2.64985
169.77 -188.3 278.397 -100 15 -0 2.64985
170.019 -192.69 280.749 -100 15 -0 2.64985
170.268 -197.08 283.1 -100 15 -0 2.64985
170.516 -201.471 285.452 -100 15 -0 2.64985
170.765 -205.861 287.803 -100 15 -0 2.64985
171.014 -210.251 290.155 -100 15 -0 2.64985
171.263 -214.642 292.507 -100 15 -0 2.64985
171.512 -219.032 294.858 -100 15 -0 2.64985
171.76 -223.422 297.21 -100 15 -0 2.64985
172.009 -227.813 299.562 -100 15 -0 2.64985
172.258 -232.203 301.913 -100 15 -0 2.64985
172.507 -236.593 304.265 -100 15 -0 2.64985
172.756 -240.984 306.617 -100 15 -0 2.64985
173.004 -245.374 308.968 -100 15 -0 2.64985
173.253 -249.765 311.32 -100 15 -0 2.64985
173.502 -254.155 313.671 -100 15 -0 2.64985
173.751 -258.545 316.023 -100 15 -0 2.64985
173.999 -262.936 318.375 -100 15 -0 2.64985
174.248 -267.326 320.726 -100 15 -0 2.64985
174.497 -271.716 323.078 -100 15 -0 2.64985
174.746 -276.107 325.43 -100 15 -0 2.64985
174.995 -280.497 327.781 -100 15 -0 2.64985
175.243 -284.887 330.133 -100 15 -0 2.64985
175.492 -289.278 332.484 -100 15 -0 2.64985
175.741 -293.668 334.836 -100 15 -0 2.64985
175.99 -298.059 337.188 -100 15 -0 2.64985
176.239 -302.449 339.539 -100 15 -0 2.64985
176.487 -306.839 341.891 -100 15 -0 2.64985
176.736 -311.23 344.243 -100 15 -0 2.64985
176.985 -315.62 346.594 -100 15 -0 2.64985
177.234 -320.01 348.946 -100 15 -0 2.64985
177.482 -324.401 351.297 -100 15 -0 2.64985
177.731 -328.791 353.649 -100 15 -0 2.64985
177.98 -333.181 356.001 -100 15 -0 2.64985
178.229 -337.572 358.352 -100 15 -0 2.64985
178.478 -341.962 360.704 -100 15 -0 2.64985
178.726 -346.352 363.056 -100 15 -0 2.64985
178.975 -350.743 365.407 -100 15 -0 2.64985
179.224 -355.133 367.759 -100 15 -0 2.64985
179.473 -359.524 370.111 -100 15 -0 2.64985
179.722 -363.914 372.462 -100 15 -0 2.64985
179.97 -368.304 374.814 -100 15 -0 2.64985
180.219 -372.695 377.165 -100 15 -0 2.64985
180.468 -377.085 379.517 -100 15 -0 2.61392
180.617 -377.085 379.517 -100 15 -0 2.61392
180.766 -379.648 381.011 -100 15 -0 2.54141
180.916 -382.057 382.66 -100 15 -0 2.46809
181.065 -384.299 384.448 -100 15 -0 2.39382
181.214 -386.36 386.36 -100 15 -0 2.35619
181.473 -386.36 386.36 -100 15 -0 2.35619
181.732 -389.77 389.77 -100 15 -0 2.35619
181.991 -393.18 393.18 -100 15 -0 2.35619
182.25 -396.59 396.59 -100 15 -0 2.35619
