time x y z V_A gamma chi
0 -462.5 -500 -30 15 -0 0
0.242606 -462.5 -500 -30 15 -0 0
0.485213 -458.861 -500 -30 15 -0 0
0.727819 -455.222 -500 -30 15 -0 0
0.970426 -451.583 -500 -30 15 -0 0
1.21303 -447.944 -500 -30 15 -0 0.0981748
1.51336 -447.944 -500 -30 15 -0 0.0981748
1.81369 -443.468 -499.559 -30 15 -0 0.294524
2.11403 -439.163 -498.254 -30 15 -0 0.490874
2.41436 -435.197 -496.133 -30 15 -0 0.687223
2.71469 -431.72 -493.28 -30 15 -0 0.883573
3.01502 -428.867 -489.803 -30 15 -0 1.07992
3.31535 -426.746 -485.837 -30 15 -0 1.27627
3.61568 -425.441 -481.532 -30 15 -0 1.47262
3.91601 -425 -477.056 -30 15 -0 1.5708
4.14148 -425 -477.056 -30 15 -0 1.5708
4.36695 -425 -473.674 -30 15 -0 1.5708
4.59242 -425 -470.292 -30 15 -0 1.5708
4.81789 -425 -466.91 -30 15 -0 1.5708
5.04336 -425 -463.528 -30 15 -0 1.5708
5.26883 -425 -460.146 -30 15 -0 1.5708
5.4943 -425 -456.764 -30 15 -0 1.5708
5.71977 -425 -453.382 -30 15 -0 1.5708
5.94524 -425 -450 -30 15 -0 1.5708
6.17071 -425 -450 -30 15 -0 1.5708
6.39618 -425 -446.618 -30 15 -0 1.5708
6.62165 -425 -443.236 -30 15 -0 1.5708
6.84712 -425 -439.854 -30 15 -0 1.5708
7.07259 -425 -436.472 -30 15 -0 1.5708
7.29806 -425 -433.09 -30 15 -0 1.5708
7.52353 -425 -429.708 -30 15 -0 1.5708
7.749 -425 -426.326 -30 15 -0 1.5708
7.97447 -425 -422.944 -30 15 -0 1.47262
8.2748 -425 -422.944 -30 15 -0 1.47262
8.57513 -424.559 -418.468 -30 15 -0 1.27627
8.87546 -423.254 -414.163 -30 15 -0 1.07992
9.1758 -421.133 -410.197 -30 15 -0 0.883573
9.47613 -418.28 -406.72 -30 15 -0 0.687223
9.77646 -414.803 -403.867 -30 15 -0 0.490874
10.0768 -410.837 -401.746 -30 15 -0 0.294524
10.3771 -406.532 -400.441 -30 15 -0 0.0981748
10.6775 -402.056 -400 -30 15 -0 0
10.8145 -402.056 -400 -30 15 -0 0
10.9516 -400 -400 -30 15 -0 0
11.1536 -400 -400 -30 15 -0 0
11.3556 -396.97 -400 -30 15 -0 0
11.5575 -393.941 -400 -30 15 -0 0
11.7595 -390.911 -400 -30 15 -0 0
11.9615 -387.882 -400 -30 15 -0 0
12.1634 -384.852 -400 -30 15 -0 0
12.3654 -381.823 -400 -30 15 -0 0
12.5674 -378.793 -400 -30 15 -0 0
12.7693 -375.764 -400 -30 15 -0 6.2499
12.8712 -375.764 -400 -30 15 -0 6.2499
12.973 -374.238 -400.051 -30 15 -0 6.21662
13.283 -374.238 -400.051 -30 15 -0 6.21662
13.593 -369.598 -400.36 -30 15 -0 6.21662
13.903 -364.958 -400.669 -30 15 -0 6.21662
14.213 -360.318 -400.979 -30 15 -0 6.21662
14.523 -355.678 -401.288 -30 15 -0 6.21662
14.833 -351.038 -401.597 -30 15 -0 6.21662
15.1431 -346.399 -401.907 -30 15 -0 6.21662
15.4531 -341.759 -402.216 -30 15 -0 6.21662
15.7631 -337.119 -402.525 -30 15 -0 6.21662
16.0731 -332.479 -402.835 -30 15 -0 6.21662
16.3831 -327.839 -403.144 -30 15 -0 6.21662
16.6931 -323.199 -403.453 -30 15 -0 6.21662
17.0031 -318.559 -403.763 -30 15 -0 6.21662
17.3131 -313.92 -404.072 -30 15 -0 6.21662
17.6231 -309.28 -404.381 -30 15 -0 6.21662
17.9332 -304.64 -404.691 -30 15 -0 6.21662
18.2432 -300 -405 -30 15 -0 6.21662
18.5532 -300 -405 -30 15 -0 6.21662
18.8632 -295.36 -405.309 -30 15 -0 6.21662
19.1732 -290.72 -405.619 -30 15 -0 6.21662
19.4832 -286.08 -405.928 -30 15 -0 6.21662
19.7932 -281.441 -406.237 -30 15 -0 6.21662
20.1032 -276.801 -406.547 -30 15 -0 6.21662
20.4132 -272.161 -406.856 -30 15 -0 6.21662
20.7232 -267.521 -407.165 -30 15 -0 6.21662
21.0333 -262.881 -407.475 -30 15 -0 6.21662
21.3433 -258.241 -407.784 -30 15 -0 6.21662
21.6533 -253.601 -408.093 -30 15 -0 6.21662
21.9633 -248.962 -408.403 -30 15 -0 6.21662
22.2733 -244.322 -408.712 -30 15 -0 6.21662
22.5833 -239.682 -409.021 -30 15 -0 6.21662
22.8933 -235.042 -409.331 -30 15 -0 6.21662
23.2033 -230.402 -409.64 -30 15 -0 6.21662
23.5133 -225.762 -409.949 -30 15 -0 6.2499
23.6152 -225.762 -409.949 -30 15 -0 6.2499
23.717 -224.236 -410 -30 15 -0 0
23.919 -224.236 -410 -30 15 -0 0
24.1209 -221.207 -410 -30 15 -0 0
24.3229 -218.177 -410 -30 15 -0 0
24.5249 -215.148 -410 -30 15 -0 0
24.7268 -212.118 -410 -30 15 -0 0
24.9288 -209.089 -410 -30 15 -0 0
25.1308 -206.059 -410 -30 15 -0 0
25.3327 -203.03 -410 -30 15 -0 0
25.5347 -200 -410 -30 15 -0 0
25.7376 -200 -410 -30 15 -0 0
25.9404 -196.957 -410 -30 15 -0 0
26.1433 -193.914 -410 -30 15 -0 0
26.3461 -190.871 -410 -30 15 -0 0
26.549 -187.828 -410 -30 15 -0 0
26.7519 -184.785 -410 -30 15 -0 0
26.9547 -181.742 -410 -30 15 -0 0
27.1576 -178.699 -410 -30 15 -0 0
27.3605 -175.656 -410 -30 15 0.0734238 0.0285931
27.4479 -175.656 -410 -30 15 0.0734238 0.0285931
27.5354 -174.345 -409.962 -30.0965 15 0.146006 0.0571861
27.8204 -174.345 -409.962 -30.0965 15 0.146006 0.0571861
28.1054 -170.122 -409.721 -30.7185 15 0.146006 0.0571861
28.3905 -165.899 -409.479 -31.3405 15 0.146006 0.0571861
28.6755 -161.677 -409.237 -31.9624 15 0.146006 0.0571861
28.9605 -157.454 -408.996 -32.5844 15 0.146006 0.0571861
29.2455 -153.231 -408.754 -33.2064 15 0.146006 0.0571861
29.5305 -149.008 -408.512 -33.8284 15 0.146006 0.0571861
29.8155 -144.785 -408.27 -34.4504 15 0.146006 0.0571861
30.1005 -140.563 -408.029 -35.0724 15 0.146006 0.0571861
30.3855 -136.34 -407.787 -35.6944 15 0.146006 0.0571861
30.6705 -132.117 -407.545 -36.3163 15 0.146006 0.0571861
30.9556 -127.894 -407.303 -36.9383 15 0.146006 0.0571861
31.2406 -123.672 -407.062 -37.5603 15 0.146006 0.0571861
31.5256 -119.449 -406.82 -38.1823 15 0.146006 0.0571861
31.8106 -115.226 -406.578 -38.8043 15 0.146006 0.0571861
32.0956 -111.003 -406.336 -39.4263 15 0.146006 0.0571861
32.3806 -106.78 -406.095 -40.0482 15 0.146006 0.0571861
32.6656 -102.558 -405.853 -40.6702 15 0.146006 0.0571861
32.9506 -98.3349 -405.611 -41.2922 15 0.146006 0.0571861
33.2357 -94.1121 -405.369 -41.9142 15 0.146006 0.0571861
33.5207 -89.8893 -405.128 -42.5362 15 0.146006 0.0571861
33.8057 -85.6665 -404.886 -43.1582 15 0.146006 0.0571861
34.0907 -81.4438 -404.644 -43.7802 15 0.146006 0.0571861
34.3757 -77.221 -404.402 -44.4021 15 0.146006 0.0571861
34.6607 -72.9982 -404.161 -45.0241 15 0.146006 0.0571861
34.9457 -68.7754 -403.919 -45.6461 15 0.146006 0.0571861
35.2307 -64.5526 -403.677 -46.2681 15 0.146006 0.0571861
35.5157 -60.3299 -403.435 -46.8901 15 0.146006 0.0571861
35.8008 -56.1071 -403.194 -47.5121 15 0.146006 0.0571861
36.0858 -51.8843 -402.952 -48.134 15 0.146006 0.0571861
36.3708 -47.6615 -402.71 -48.756 15 0.146006 0.0571861
36.6558 -43.4388 -402.468 -49.378 15 0.146006 0.0571861
36.9408 -39.216 -402.227 -50 15 0.146006 0.0571861
37.2254 -39.216 -402.227 -50 15 0.146006 0.0571861
37.5099 -35 -401.985 -50.621 15 0.146006 0.0571861
37.7945 -30.7841 -401.744 -51.242 15 0.146006 0.0571861
38.079 -26.5682 -401.502 -51.8629 15 0.146006 0.0571861
38.3636 -22.3522 -401.261 -52.4839 15 0.146006 0.0571861
38.6481 -18.1363 -401.02 -53.1049 15 0.146006 0.0571861
38.9327 -13.9204 -400.778 -53.7259 15 0.146006 0.0571861
39.2172 -9.70444 -400.537 -54.3468 15 0.146006 0.0571861
39.5018 -5.4885 -400.296 -54.9678 15 0.146006 0.0571861
39.7863 -1.27257 -400.054 -55.5888 15 0.146006 0.0571861
40.0709 2.94337 -399.813 -56.2098 15 0.146006 0.0571861
40.3554 7.1593 -399.572 -56.8307 15 0.146006 0.0571861
40.64 11.3752 -399.33 -57.4517 15 0.146006 0.0571861
40.9245 15.5912 -399.089 -58.0727 15 0.146006 0.0571861
41.2091 19.8071 -398.848 -58.6937 15 0.146006 0.0571861
41.4936 24.023 -398.606 -59.3146 15 0.146006 0.0571861
41.7782 28.239 -398.365 -59.9356 15 0.146006 0.0571861
42.0627 32.4549 -398.124 -60.5566 15 0.146006 0.0571861
42.3473 36.6708 -397.882 -61.1776 15 0.146006 0.0571861
42.6318 40.8868 -397.641 -61.7986 15 0.146006 0.0571861
42.9164 45.1027 -397.399 -62.4195 15 0.146006 0.0571861
43.2009 49.3186 -397.158 -63.0405 15 0.146006 0.0571861
43.4855 53.5346 -396.917 -63.6615 15 0.146006 0.0571861
43.77 57.7505 -396.675 -64.2825 15 0.146006 0.0571861
44.0546 61.9664 -396.434 -64.9034 15 0.146006 0.0571861
44.3391 66.1824 -396.193 -65.5244 15 0.146006 0.0571861
44.6237 70.3983 -395.951 -66.1454 15 0.146006 0.0571861
44.9082 74.6142 -395.71 -66.7664 15 0.146006 0.0571861
45.1928 78.8302 -395.469 -67.3873 15 0.146006 0.0571861
45.4773 83.0461 -395.227 -68.0083 15 0.146006 0.0571861
45.7619 87.2621 -394.986 -68.6293 15 0.146006 0.0571861
46.0464 91.478 -394.745 -69.2503 15 0.146006 0.0571861
46.331 95.6939 -394.503 -69.8712 15 0.126799 0.0186335
46.4489 95.6939 -394.503 -69.8712 15 0.126799 0.0186335
46.5668 97.4434 -394.471 -70.0943 15 0.107311 6.26327
46.8568 97.4434 -394.471 -70.0943 15 0.107311 6.26327
47.1467 101.767 -394.557 -70.5601 15 0.107311 6.26327
47.4366 106.09 -394.643 -71.0259 15 0.107311 6.26327
47.7266 110.413 -394.729 -71.4917 15 0.107311 6.26327
48.0165 114.736 -394.815 -71.9575 15 0.107311 6.26327
48.3064 119.059 -394.901 -72.4233 15 0.107311 6.26327
48.5964 123.382 -394.987 -72.8891 15 0.107311 6.26327
48.8863 127.705 -395.073 -73.3549 15 0.107311 6.26327
49.1762 132.029 -395.16 -73.8207 15 0.107311 6.26327
49.4662 136.352 -395.246 -74.2865 15 0.107311 6.26327
49.7561 140.675 -395.332 -74.7523 15 0.107311 6.26327
50.0461 144.998 -395.418 -75.2181 15 0.107311 6.26327
50.336 149.321 -395.504 -75.6839 15 0.107311 6.26327
50.6259 153.644 -395.59 -76.1498 15 0.107311 6.26327
50.9159 157.967 -395.676 -76.6156 15 0.107311 6.26327
51.2058 162.291 -395.762 -77.0814 15 0.107311 6.26327
51.4957 166.614 -395.849 -77.5472 15 0.107311 6.26327
51.7857 170.937 -395.935 -78.013 15 0.107311 6.26327
52.0756 175.26 -396.021 -78.4788 15 0.107311 6.26327
52.3655 179.583 -396.107 -78.9446 15 0.107311 6.26327
52.6555 183.906 -396.193 -79.4104 15 0.107311 6.26327
52.9454 188.229 -396.279 -79.8762 15 0.107311 6.26327
53.2353 192.553 -396.365 -80.342 15 0.107311 6.26327
53.5253 196.876 -396.451 -80.8078 15 0.107311 6.26327
53.8152 201.199 -396.538 -81.2736 15 0.107311 6.26327
54.1051 205.522 -396.624 -81.7394 15 0.107311 6.26327
54.3951 209.845 -396.71 -82.2052 15 0.107311 6.26327
54.685 214.168 -396.796 -82.671 15 0.107311 6.26327
54.9749 218.491 -396.882 -83.1368 15 0.107311 6.26327
55.2649 222.815 -396.968 -83.6026 15 0.107311 6.26327
55.5548 227.138 -397.054 -84.0684 15 0.107311 6.26327
55.8447 231.461 -397.14 -84.5342 15 0.107311 6.26327
56.1347 235.784 -397.227 -85 15 0.107311 6.26327
56.426 235.784 -397.227 -85 15 0.107311 6.26327
56.7173 240.127 -397.313 -85.468 15 0.107311 6.26327
57.0086 244.471 -397.4 -85.936 15 0.107311 6.26327
57.2999 248.814 -397.486 -86.404 15 0.107311 6.26327
57.5911 253.158 -397.573 -86.8719 15 0.107311 6.26327
57.8824 257.501 -397.659 -87.3399 15 0.107311 6.26327
58.1737 261.844 -397.746 -87.8079 15 0.107311 6.26327
58.465 266.188 -397.832 -88.2759 15 0.107311 6.26327
58.7563 270.531 -397.919 -88.7439 15 0.107311 6.26327
59.0476 274.875 -398.005 -89.2119 15 0.107311 6.26327
59.3389 279.218 -398.092 -89.6799 15 0.107311 6.26327
59.6302 283.561 -398.178 -90.1478 15 0.107311 6.26327
59.9215 287.905 -398.265 -90.6158 15 0.107311 6.26327
60.2128 292.248 -398.351 -91.0838 15 0.107311 6.26327
60.5041 296.592 -398.438 -91.5518 15 0.107311 6.26327
60.7954 300.935 -398.524 -92.0198 15 0.107311 6.26327
61.0867 305.278 -398.611 -92.4878 15 0.107311 6.26327
61.378 309.622 -398.698 -92.9557 15 0.107311 6.26327
61.6692 313.965 -398.784 -93.4237 15 0.107311 6.26327
61.9605 318.309 -398.871 -93.8917 15 0.107311 6.26327
62.2518 322.652 -398.957 -94.3597 15 0.107311 6.26327
62.5431 326.995 -399.044 -94.8277 15 0.107311 6.26327
62.8344 331.339 -399.13 -95.2957 15 0.107311 6.26327
63.1257 335.682 -399.217 -95.7637 15 0.107311 6.26327
63.417 340.026 -399.303 -96.2316 15 0.107311 6.26327
63.7083 344.369 -399.39 -96.6996 15 0.107311 6.26327
63.9996 348.712 -399.476 -97.1676 15 0.107311 6.26327
64.2909 353.056 -399.563 -97.6356 15 0.107311 6.26327
64.5822 357.399 -399.649 -98.1036 15 0.107311 6.26327
64.8735 361.743 -399.736 -98.5716 15 0.107311 6.26327
65.1648 366.086 -399.822 -99.0396 15 0.107311 6.26327
65.4561 370.429 -399.909 -99.5075 15 0.107311 6.26327
65.7474 374.773 -399.995 -99.9755 15 0.0538131 6.27323
65.7778 374.773 -399.995 -99.9755 15 0.0538131 6.27323
65.8083 375.227 -400 -100 15 -0 0
66.0147 375.227 -400 -100 15 -0 0
66.2212 378.324 -400 -100 15 -0 0
66.4276 381.42 -400 -100 15 -0 0
66.634 384.517 -400 -100 15 -0 0
66.8405 387.614 -400 -100 15 -0 0
67.0469 390.71 -400 -100 15 -0 0
67.2534 393.807 -400 -100 15 -0 0
67.4598 396.903 -400 -100 15 -0 0
67.6662 400 -400 -100 15 -0 0
67.9564 400 -400 -100 15 -0 0
68.2465 404.352 -400 -100 15 -0 0.0915979
68.5267 404.352 -400 -100 15 -0 0.0915979
68.8069 408.532 -399.616 -100 15 -0 0.274794
69.0872 412.572 -398.477 -100 15 -0 0.45799
69.3674 416.336 -396.621 -100 15 -0 0.641186
69.6476 419.7 -394.111 -100 15 -0 0.824381
69.9278 422.55 -391.029 -100 15 -0 1.00758
70.208 424.791 -387.48 -100 15 -0 1.19077
70.4882 426.348 -383.583 -100 15 -0 1.37397
70.7684 427.169 -379.466 -100 15 -0 1.46557
70.9399 427.169 -379.466 -100 15 -0 1.46557
71.1114 427.439 -376.908 -100 15 -0 1.46557
71.2828 427.709 -374.351 -100 15 -0 1.46557
71.4543 427.979 -371.793 -100 15 -0 1.46557
71.6258 428.249 -369.235 -100 15 -0 1.46557
71.7972 428.52 -366.677 -100 15 -0 1.46557
71.9687 428.79 -364.12 -100 15 -0 1.46557
72.1402 429.06 -361.562 -100 15 -0 1.46557
72.3116 429.33 -359.004 -100 15 -0 1.46557
72.4831 429.6 -356.446 -100 15 -0 1.46557
72.6546 429.87 -353.888 -100 15 -0 1.46557
72.826 430.14 -351.331 -100 15 -0 1.46557
72.9975 430.411 -348.773 -100 15 -0 1.46557
73.169 430.681 -346.215 -100 15 -0 1.46557
73.3404 430.951 -343.657 -100 15 -0 1.46557
73.5119 431.221 -341.1 -100 15 -0 1.46557
73.6834 431.491 -338.542 -100 15 -0 1.46557
73.8548 431.761 -335.984 -100 15 -0 1.46557
74.0263 432.031 -333.426 -100 15 -0 1.46557
74.1978 432.302 -330.868 -100 15 -0 1.46557
74.3692 432.572 -328.311 -100 15 -0 1.46557
74.5407 432.842 -325.753 -100 15 -0 1.46557
74.7122 433.112 -323.195 -100 15 -0 1.46557
74.8836 433.382 -320.637 -100 15 -0 1.46557
75.0551 433.652 -318.079 -100 15 -0 1.46557
75.2266 433.923 -315.522 -100 15 -0 1.46557
75.398 434.193 -312.964 -100 15 -0 1.46557
75.5695 434.463 -310.406 -100 15 -0 1.46557
75.741 434.733 -307.848 -100 15 -0 1.46557
75.9124 435.003 -305.291 -100 15 -0 1.46557
76.0839 435.273 -302.733 -100 15 -0 1.46557
76.2554 435.543 -300.175 -100 15 -0 1.46557
76.4269 435.814 -297.617 -100 15 -0 1.46557
76.6178 435.814 -297.617 -100 15 -0 1.46557
76.8088 436.115 -294.768 -100 15 -0 1.46557
76.9998 436.415 -291.919 -100 15 -0 1.46557
77.1908 436.716 -289.07 -100 15 -0 1.46557
77.3818 437.017 -286.221 -100 15 -0 1.46557
77.5728 437.318 -283.372 -100 15 -0 1.46557
77.7638 437.619 -280.523 -100 15 -0 1.46557
77.9548 437.92 -277.674 -100 15 -0 1.46557
78.1458 438.221 -274.825 -100 15 -0 1.46557
78.3368 438.522 -271.976 -100 15 -0 1.46557
78.5278 438.823 -269.127 -100 15 -0 1.46557
78.7188 439.124 -266.278 -100 15 -0 1.46557
78.9098 439.425 -263.429 -100 15 -0 1.46557
79.1007 439.725 -260.58 -100 15 -0 1.46557
79.2917 440.026 -257.731 -100 15 -0 1.46557
79.4827 440.327 -254.882 -100 15 -0 1.46557
79.6737 440.628 -252.032 -100 15 -0 1.46557
79.8647 440.929 -249.183 -100 15 -0 1.46557
80.0557 441.23 -246.334 -100 15 -0 1.46557
80.2467 441.531 -243.485 -100 15 -0 1.46557
80.4377 441.832 -240.636 -100 15 -0 1.46557
80.6287 442.133 -237.787 -100 15 -0 1.46557
80.8197 442.434 -234.938 -100 15 -0 1.46557
81.0107 442.735 -232.089 -100 15 -0 1.46557
81.2017 443.036 -229.24 -100 15 -0 1.46557
81.3927 443.336 -226.391 -100 15 -0 1.46557
81.5837 443.637 -223.542 -100 15 -0 1.46557
81.7746 443.938 -220.693 -100 15 -0 1.46557
81.9656 444.239 -217.844 -100 15 -0 1.46557
82.1566 444.54 -214.995 -100 15 -0 1.46557
82.3476 444.841 -212.146 -100 15 -0 1.46557
82.5386 445.142 -209.297 -100 15 -0 1.46557
82.7296 445.443 -206.448 -100 15 -0 1.52267
82.9043 445.443 -206.448 -100 15 -0 1.52267
83.079 445.569 -203.832 -100 15 -0 1.63686
83.2536 445.396 -201.219 -100 15 -0 1.75106
83.4283 444.926 -198.643 -100 15 -0 1.86526
83.603 444.166 -196.137 -100 15 -0 1.97946
83.7776 443.126 -193.734 -100 15 -0 2.09365
83.9523 441.818 -191.465 -100 15 -0 2.20785
84.127 440.261 -189.36 -100 15 -0 2.32205
84.3017 438.473 -187.446 -100 15 -0 2.37915
84.5964 438.473 -187.446 -100 15 -0 2.37915
84.8911 435.276 -184.393 -100 15 -0 2.37915
85.1858 432.079 -181.34 -100 15 -0 2.37915
85.4805 428.883 -178.286 -100 15 -0 2.37915
85.7752 425.686 -175.233 -100 15 -0 2.37915
86.07 422.489 -172.179 -100 15 -0 2.37915
86.3647 419.292 -169.126 -100 15 -0 2.37915
86.6594 416.095 -166.073 -100 15 -0 2.37915
86.9541 412.898 -163.019 -100 15 -0 2.37915
87.2488 409.702 -159.966 -100 15 -0 2.37915
87.5435 406.505 -156.913 -100 15 -0 2.37915
87.8382 403.308 -153.859 -100 15 -0 2.37915
88.133 400.111 -150.806 -100 15 -0 2.37915
88.4277 396.914 -147.753 -100 15 -0 2.37915
88.7224 393.717 -144.699 -100 15 -0 2.37915
89.0171 390.521 -141.646 -100 15 -0 2.37915
89.3118 387.324 -138.593 -100 15 -0 2.37915
89.6065 384.127 -135.539 -100 15 -0 2.37915
89.9012 380.93 -132.486 -100 15 -0 2.37915
90.196 377.733 -129.432 -100 15 -0 2.37915
90.4907 374.536 -126.379 -100 15 -0 2.37915
90.7854 371.34 -123.326 -100 15 -0 2.37915
91.0801 368.143 -120.272 -100 15 -0 2.37915
91.3748 364.946 -117.219 -100 15 -0 2.37915
91.6695 361.749 -114.166 -100 15 -0 2.37915
91.9642 358.552 -111.112 -100 15 -0 2.37915
92.259 355.355 -108.059 -100 15 -0 2.37915
92.5537 352.159 -105.006 -100 15 -0 2.37915
92.8484 348.962 -101.952 -100 15 -0 2.37915
93.1431 345.765 -98.8988 -100 15 -0 2.37915
93.4378 342.568 -95.8455 -100 15 -0 2.37915
93.7325 339.371 -92.7921 -100 15 -0 2.37915
94.0273 336.174 -89.7388 -100 15 -0 2.37915
94.322 332.978 -86.6854 -100 15 -0 2.37915
94.6167 329.781 -83.632 -100 15 -0 2.37915
94.9114 326.584 -80.5787 -100 15 -0 2.37915
95.2061 323.387 -77.5253 -100 15 -0 2.37915
95.5008 320.19 -74.472 -100 15 -0 2.37915
95.7955 316.993 -71.4186 -100 15 -0 2.37915
96.0903 313.797 -68.3652 -100 15 -0 2.37915
96.385 310.6 -65.3119 -100 15 -0 2.37915
96.6797 307.403 -62.2585 -100 15 -0 2.37915
96.9744 304.206 -59.2052 -100 15 -0 2.37915
97.2691 301.009 -56.1518 -100 15 -0 2.37915
97.5638 297.812 -53.0984 -100 15 -0 2.37915
97.8585 294.616 -50.0451 -100 15 -0 2.37915
98.1533 291.419 -46.9917 -100 15 -0 2.37915
98.448 288.222 -43.9384 -100 15 -0 2.37915
98.7427 285.025 -40.885 -100 15 -0 2.37915
99.0374 281.828 -37.8316 -100 15 -0 2.37915
99.3321 278.631 -34.7783 -100 15 -0 2.37915
99.6268 275.435 -31.7249 -100 15 -0 2.37915
99.9215 272.238 -28.6716 -100 15 -0 2.37915
100.216 269.041 -25.6182 -100 15 -0 2.37915
100.511 265.844 -22.5648 -100 15 -0 2.37915
100.806 262.647 -19.5115 -100 15 -0 2.37915
101.1 259.45 -16.4581 -100 15 -0 2.37915
101.395 256.254 -13.4048 -100 15 -0 2.37915
101.69 253.057 -10.3514 -100 15 -0 2.37915
101.985 249.86 -7.29805 -100 15 -0 2.37915
102.279 246.663 -4.24469 -100 15 -0 2.37915
102.574 243.466 -1.19133 -100 15 -0 2.37915
102.869 240.269 1.86203 -100 15 -0 2.37915
103.163 237.073 4.91539 -100 15 -0 2.37915
103.458 233.876 7.96875 -100 15 -0 2.37915
103.76 233.876 7.96875 -100 15 -0 2.37915
104.062 230.599 11.0986 -100 15 -0 2.37915
104.364 227.322 14.2284 -100 15 -0 2.37915
104.667 224.045 17.3582 -100 15 -0 2.37915
104.969 220.768 20.4881 -100 15 -0 2.37915
105.271 217.491 23.6179 -100 15 -0 2.37915
105.573 214.214 26.7477 -100 15 -0 2.37915
105.875 210.937 29.8776 -100 15 -0 2.37915
106.177 207.661 33.0074 -100 15 -0 2.37915
106.479 204.384 36.1372 -100 15 -0 2.37915
106.781 201.107 39.2671 -100 15 -0 2.37915
107.083 197.83 42.3969 -100 15 -0 2.37915
107.385 194.553 45.5267 -100 15 -0 2.37915
107.687 191.276 48.6566 -100 15 -0 2.37915
107.99 187.999 51.7864 -100 15 -0 2.37915
108.292 184.722 54.9162 -100 15 -0 2.37915
108.594 181.445 58.0461 -100 15 -0 2.37915
108.896 178.168 61.1759 -100 15 -0 2.37915
109.198 174.892 64.3057 -100 15 -0 2.37915
109.5 171.615 67.4356 -100 15 -0 2.37915
109.802 168.338 70.5654 -100 15 -0 2.37915
110.104 165.061 73.6952 -100 15 -0 2.37915
110.406 161.784 76.8251 -100 15 -0 2.37915
110.708 158.507 79.9549 -100 15 -0 2.37915
111.011 155.23 83.0847 -100 15 -0 2.37915
111.313 151.953 86.2146 -100 15 -0 2.37915
111.615 148.676 89.3444 -100 15 -0 2.37915
111.917 145.399 92.4742 -100 15 -0 2.37915
112.219 142.122 95.6041 -100 15 -0 2.37915
112.521 138.846 98.7339 -100 15 -0 2.37915
112.823 135.569 101.864 -100 15 -0 2.37915
113.125 132.292 104.994 -100 15 -0 2.37915
113.427 129.015 108.123 -100 15 -0 2.37915
113.729 125.738 111.253 -100 15 -0 2.37915
114.031 122.461 114.383 -100 15 -0 2.37915
114.334 119.184 117.513 -100 15 -0 2.37915
114.636 115.907 120.643 -100 15 -0 2.37915
114.938 112.63 123.773 -100 15 -0 2.37915
115.24 109.353 126.902 -100 15 -0 2.37915
115.542 106.077 130.032 -100 15 -0 2.37915
115.844 102.8 133.162 -100 15 -0 2.37915
116.146 99.5228 136.292 -100 15 -0 2.37915
116.448 96.2459 139.422 -100 15 -0 2.37915
116.75 92.969 142.552 -100 15 -0 2.37915
117.052 89.6921 145.681 -100 15 -0 2.37915
117.355 86.4152 148.811 -100 15 -0 2.37915
117.657 83.1383 151.941 -100 15 -0 2.37915
117.959 79.8614 155.071 -100 15 -0 2.37915
118.261 76.5845 158.201 -100 15 -0 2.37915
118.563 73.3076 161.331 -100 15 -0 2.37915
118.865 70.0307 164.46 -100 15 -0 2.37915
119.167 66.7538 167.59 -100 15 -0 2.37915
119.469 63.4768 170.72 -100 15 -0 2.37915
119.771 60.1999 173.85 -100 15 -0 2.37915
120.073 56.923 176.98 -100 15 -0 2.37915
120.375 53.6461 180.11 -100 15 -0 2.37915
120.678 50.3692 183.239 -100 15 -0 2.37915
120.98 47.0923 186.369 -100 15 -0 2.37915
121.282 43.8154 189.499 -100 15 -0 2.37915
121.584 40.5385 192.629 -100 15 -0 2.37915
121.886 37.2616 195.759 -100 15 -0 2.37915
122.188 33.9847 198.889 -100 15 -0 2.37915
122.49 30.7078 202.018 -100 15 -0 2.37915
122.792 27.4309 205.148 -100 15 -0 2.37915
123.094 24.154 208.278 -100 15 -0 2.46945
123.371 24.154 208.278 -100 15 -0 2.46945
123.647 20.9158 210.855 -100 15 -0 2.65007
123.923 17.2673 212.808 -100 15 -0 2.74038
124.147 17.2673 212.808 -100 15 -0 2.74038
124.371 14.1756 214.12 -100 15 -0 2.74038
124.595 11.084 215.431 -100 15 -0 2.74038
124.819 7.99229 216.743 -100 15 -0 2.74038
125.043 4.90063 218.054 -100 15 -0 2.74038
125.267 1.80897 219.366 -100 15 -0 2.74038
125.49 -1.28269 220.677 -100 15 -0 2.74038
125.714 -4.37435 221.989 -100 15 -0 2.74038
125.938 -7.46601 223.3 -100 15 -0 2.74038
126.162 -10.5577 224.612 -100 15 -0 2.74038
126.386 -13.6493 225.924 -100 15 -0 2.74038
126.61 -16.741 227.235 -100 15 -0 2.74038
126.834 -19.8327 228.547 -100 15 -0 2.74038
127.058 -22.9243 229.858 -100 15 -0 2.74038
127.282 -26.016 231.17 -100 15 -0 2.74038
127.505 -29.1076 232.481 -100 15 -0 2.74038
127.729 -32.1993 233.793 -100 15 -0 2.74038
127.953 -35.291 235.104 -100 15 -0 2.74038
128.177 -38.3826 236.416 -100 15 -0 2.74038
128.401 -41.4743 237.727 -100 15 -0 2.74038
128.625 -44.5659 239.039 -100 15 -0 2.74038
128.849 -47.6576 240.351 -100 15 -0 2.74038
129.073 -50.7493 241.662 -100 15 -0 2.74038
129.297 -53.8409 242.974 -100 15 -0 2.74038
129.52 -56.9326 244.285 -100 15 -0 2.74038
129.744 -60.0243 245.597 -100 15 -0 2.74038
129.968 -63.1159 246.908 -100 15 -0 2.74038
130.192 -66.2076 248.22 -100 15 -0 2.74038
130.416 -69.2992 249.531 -100 15 -0 2.74038
130.64 -72.3909 250.843 -100 15 -0 2.74038
130.864 -75.4826 252.155 -100 15 -0 2.74038
131.088 -78.5742 253.466 -100 15 -0 2.74038
131.312 -81.6659 254.778 -100 15 -0 2.74038
131.535 -84.7575 256.089 -100 15 -0 2.74038
131.759 -87.8492 257.401 -100 15 -0 2.74038
131.983 -90.9409 258.712 -100 15 -0 2.74038
132.207 -94.0325 260.024 -100 15 -0 2.74038
132.431 -97.1242 261.335 -100 15 -0 2.74038
132.655 -100.216 262.647 -100 15 -0 2.74038
132.879 -103.308 263.958 -100 15 -0 2.74038
133.103 -106.399 265.27 -100 15 -0 2.74038
133.327 -109.491 266.582 -100 15 -0 2.74038
133.55 -112.582 267.893 -100 15 -0 2.74038
133.774 -115.674 269.205 -100 15 -0 2.74038
133.998 -118.766 270.516 -100 15 -0 2.74038
134.222 -121.857 271.828 -100 15 -0 2.74038
134.446 -124.949 273.139 -100 15 -0 2.74038
134.67 -128.041 274.451 -100 15 -0 2.74038
134.894 -131.132 275.762 -100 15 -0 2.74038
135.118 -134.224 277.074 -100 15 -0 2.74038
135.342 -137.316 278.385 -100 15 -0 2.74038
135.565 -140.407 279.697 -100 15 -0 2.74038
135.789 -143.499 281.009 -100 15 -0 2.74038
136.013 -146.591 282.32 -100 15 -0 2.74038
136.237 -149.682 283.632 -100 15 -0 2.74038
136.461 -152.774 284.943 -100 15 -0 2.74038
136.685 -155.866 286.255 -100 15 -0 2.74038
136.909 -158.957 287.566 -100 15 -0 2.74038
137.133 -162.049 288.878 -100 15 -0 2.74038
137.357 -165.141 290.189 -100 15 -0 2.74038
137.58 -168.232 291.501 -100 15 -0 2.74038
137.804 -171.324 292.812 -100 15 -0 2.74038
138.028 -174.416 294.124 -100 15 -0 2.74038
138.252 -177.507 295.436 -100 15 -0 2.74038
138.476 -180.599 296.747 -100 15 -0 2.74038
138.7 -180.599 296.747 -100 15 -0 2.74038
138.923 -183.687 298.057 -100 15 -0 2.74038
139.147 -186.775 299.367 -100 15 -0 2.74038
139.37 -189.862 300.677 -100 15 -0 2.74038
139.594 -192.95 301.987 -100 15 -0 2.74038
139.818 -196.038 303.297 -100 15 -0 2.74038
140.041 -199.125 304.606 -100 15 -0 2.74038
140.265 -202.213 305.916 -100 15 -0 2.74038
140.488 -205.301 307.226 -100 15 -0 2.74038
140.712 -208.389 308.536 -100 15 -0 2.74038
140.936 -211.476 309.846 -100 15 -0 2.74038
141.159 -214.564 311.156 -100 15 -0 2.74038
141.383 -217.652 312.466 -100 15 -0 2.74038
141.607 -220.74 313.776 -100 15 -0 2.74038
141.83 -223.827 315.085 -100 15 -0 2.74038
142.054 -226.915 316.395 -100 15 -0 2.74038
142.277 -230.003 317.705 -100 15 -0 2.74038
142.501 -233.091 319.015 -100 15 -0 2.74038
142.725 -236.178 320.325 -100 15 -0 2.74038
142.948 -239.266 321.635 -100 15 -0 2.74038
143.172 -242.354 322.945 -100 15 -0 2.74038
143.395 -245.442 324.255 -100 15 -0 2.74038
143.619 -248.529 325.565 -100 15 -0 2.74038
143.843 -251.617 326.874 -100 15 -0 2.74038
144.066 -254.705 328.184 -100 15 -0 2.74038
144.29 -257.793 329.494 -100 15 -0 2.74038
144.513 -260.88 330.804 -100 15 -0 2.74038
144.737 -263.968 332.114 -100 15 -0 2.74038
144.961 -267.056 333.424 -100 15 -0 2.74038
145.184 -270.143 334.734 -100 15 -0 2.74038
145.408 -273.231 336.044 -100 15 -0 2.74038
145.631 -276.319 337.353 -100 15 -0 2.74038
145.855 -279.407 338.663 -100 15 -0 2.74038
146.079 -282.494 339.973 -100 15 -0 2.74038
146.302 -285.582 341.283 -100 15 -0 2.74038
146.526 -288.67 342.593 -100 15 -0 2.74038
146.749 -291.758 343.903 -100 15 -0 2.74038
146.973 -294.845 345.213 -100 15 -0 2.74038
147.197 -297.933 346.523 -100 15 -0 2.74038
147.42 -301.021 347.833 -100 15 -0 2.74038
147.644 -304.109 349.142 -100 15 -0 2.74038
147.867 -307.196 350.452 -100 15 -0 2.74038
148.091 -310.284 351.762 -100 15 -0 2.74038
148.315 -313.372 353.072 -100 15 -0 2.74038
148.538 -316.46 354.382 -100 15 -0 2.74038
148.762 -319.547 355.692 -100 15 -0 2.74038
148.986 -322.635 357.002 -100 15 -0 2.74038
149.209 -325.723 358.312 -100 15 -0 2.74038
149.433 -328.811 359.622 -100 15 -0 2.74038
149.656 -331.898 360.931 -100 15 -0 2.74038
149.88 -334.986 362.241 -100 15 -0 2.74038
150.104 -338.074 363.551 -100 15 -0 2.74038
150.327 -341.161 364.861 -100 15 -0 2.74038
150.551 -344.249 366.171 -100 15 -0 2.74038
150.774 -347.337 367.481 -100 15 -0 2.74038
150.998 -350.425 368.791 -100 15 -0 2.74038
151.222 -353.512 370.101 -100 15 -0 2.74038
151.445 -356.6 371.41 -100 15 -0 2.74038
151.669 -359.688 372.72 -100 15 -0 2.74038
151.892 -362.776 374.03 -100 15 -0 2.74038
152.116 -365.863 375.34 -100 15 -0 2.74038
152.34 -368.951 376.65 -100 15 -0 2.74038
152.563 -372.039 377.96 -100 15 -0 2.74038
152.787 -375.127 379.27 -100 15 -0 2.74038
153.01 -378.214 380.58 -100 15 -0 2.64434
153.304 -378.214 380.58 -100 15 -0 2.64434
153.598 -382.082 382.679 -100 15 -0 2.45224
153.892 -385.478 385.478 -100 15 -0 2.35619
154.063 -385.478 385.478 -100 15 -0 2.35619
154.234 -387.293 387.293 -100 15 -0 2.35619
154.405 -389.108 389.108 -100 15 -0 2.35619
154.576 -390.924 390.924 -100 15 -0 2.35619
154.748 -392.739 392.739 -100 15 -0 2.35619
154.919 -394.554 394.554 -100 15 -0 2.35619
155.09 -396.369 396.369 -100 15 -0 2.35619
155.261 -398.185 398.185 -100 15 -0 2.35619
