time x y z V_A gamma chi
0 37.5 -170 -150 15 -0 0
0.312937 37.5 -170 -150 15 -0 0
0.625875 40.6294 -170 -150 15 -0 0
0.938812 43.7587 -170 -150 15 -0 0
1.25175 46.8881 -170 -150 15 -0 0
1.56469 50.0175 -170 -150 15 -0 0
1.87762 53.1469 -170 -150 15 -0 0
2.19056 56.2762 -170 -150 15 -0 0
2.5035 59.4056 -170 -150 15 -0 0
2.81644 62.535 -170 -150 15 -0 6.04984
3.29329 62.535 -170 -150 15 -0 6.04984
3.53172 67.1882 -171.106 -150 15 -0 5.71215
3.77014 69.301 -172.463 -150 15 -0 5.49995
4.00857 71.163 -174.317 -150 15 -0 5.30041
4.24699 72.7001 -176.623 -150 15 -0 5.11364
4.48542 73.8462 -179.324 -150 15 -0 4.93881
4.72385 74.5446 -182.356 -150 15 -0 4.77459
4.96227 74.7494 -185.644 -150 15 -0 4.69637
5.24666 74.7494 -185.644 -150 15 -0 4.69637
5.53106 74.6847 -189.688 -150 15 -0 4.69637
5.81545 74.6199 -193.733 -150 15 -0 4.69637
6.09984 74.5551 -197.777 -150 15 -0 4.69637
6.38423 74.4903 -201.821 -150 15 -0 4.69637
6.66862 74.4256 -205.865 -150 15 -0 4.69637
6.95301 74.3608 -209.909 -150 15 -0 4.69637
7.2374 74.296 -213.954 -150 15 -0 4.69637
7.52179 74.2312 -217.998 -150 15 -0 4.69637
7.80618 74.1664 -222.042 -150 15 -0 4.69637
8.09057 74.1017 -226.086 -150 15 -0 4.69637
8.37497 74.0369 -230.13 -150 15 -0 4.69637
8.65936 73.9721 -234.175 -150 15 -0 4.69637
8.94375 73.9073 -238.219 -150 15 -0 4.69637
9.22814 73.8426 -242.263 -150 15 -0 4.69637
9.51253 73.7778 -246.307 -150 15 -0 4.69637
9.79692 73.713 -250.352 -150 15 -0 4.69637
9.97393 73.713 -250.352 -150 15 -0 4.69637
10.1509 73.6727 -252.869 -150 15 -0 4.69637
10.3279 73.6324 -255.386 -150 15 -0 4.69637
10.505 73.5921 -257.903 -150 15 -0 4.69637
10.682 73.5517 -260.42 -150 15 0.0046178 4.61042
10.949 73.5517 -260.42 -150 15 0.0046178 4.61042
11.2161 73.1537 -264.31 -150.018 15 0.0275909 4.4464
11.4831 72.0658 -268.303 -150.132 15 0.0630582 4.29029
11.7502 70.2805 -272.278 -150.407 15 0.102831 4.14058
12.0173 67.8114 -276.115 -150.878 15 0.141355 3.99601
12.2843 64.693 -279.697 -151.554 15 0.175079 3.85554
12.4179 60.9796 -282.914 -152.423 15 0.196019 3.75248
12.5514 58.9217 -284.355 -152.922 15 0.207546 3.68449
12.6849 56.7434 -285.669 -153.458 15 0.217058 3.61708
12.8185 54.4563 -286.847 -154.025 15 0.224527 3.55016
12.952 52.0727 -287.879 -154.618 15 0.229958 3.48364
13.0855 49.6057 -288.757 -155.231 15 0.233387 3.41747
13.2191 47.0689 -289.476 -155.858 15 0.234878 3.35156
13.3526 44.4766 -290.028 -156.492 15 0.234524 3.28586
13.4861 41.8435 -290.411 -157.128 15 0.232445 3.2203
13.6197 39.1845 -290.62 -157.759 15 0.228789 3.15481
13.7532 36.5149 -290.656 -158.381 15 0.223739 3.08934
13.8867 33.8497 -290.516 -158.988 15 0.217514 3.02381
14.0202 31.2043 -290.203 -159.577 15 0.210377 2.95818
14.1538 28.5938 -289.719 -160.144 15 0.202638 2.89236
14.2873 26.0329 -289.067 -160.687 15 0.194666 2.8263
14.4208 23.536 -288.253 -161.205 15 0.186891 2.75994
14.5544 21.1171 -287.282 -161.698 15 0.179816 2.69319
14.6879 18.7895 -286.162 -162.167 15 0.174029 2.62598
14.8214 16.5658 -284.902 -162.617 15 0.170208 2.55824
14.955 14.458 -283.511 -163.051 15 0.169133 2.48988
15.0885 12.4769 -281.999 -163.476 15 0.172734 2.45932
15.3153 12.4769 -281.999 -163.476 15 0.172734 2.45932
15.5422 9.2729 -279.396 -164.196 15 0.172734 2.45932
15.769 6.06891 -276.793 -164.917 15 0.172734 2.45932
15.9959 2.86492 -274.19 -165.637 15 0.172734 2.45932
16.2227 -0.339077 -271.587 -166.357 15 0.172734 2.45932
16.4496 -3.54307 -268.984 -167.077 15 0.172734 2.45932
16.6764 -6.74706 -266.381 -167.798 15 0.172734 2.45932
16.9033 -9.95105 -263.778 -168.518 15 0.172734 2.45932
17.1301 -13.155 -261.175 -169.238 15 0.172734 2.45932
17.3569 -16.359 -258.572 -169.958 15 0.172734 2.45932
17.5838 -19.563 -255.969 -170.679 15 0.172734 2.45932
17.8106 -22.767 -253.366 -171.399 15 0.172734 2.45932
18.0375 -25.971 -250.763 -172.119 15 0.172734 2.45932
18.2643 -29.175 -248.161 -172.839 15 0.172734 2.45932
18.4912 -32.379 -245.558 -173.56 15 0.172734 2.45932
18.718 -35.583 -242.955 -174.28 15 0.172734 2.45932
18.9449 -38.787 -240.352 -175 15 0.172734 2.45932
19.0918 -38.787 -240.352 -175 15 0.172734 2.45932
19.2388 -40.863 -238.665 -175.467 15 0.172734 2.45932
19.3858 -42.9391 -236.978 -175.933 15 0.172734 2.45932
19.5328 -45.0151 -235.292 -176.4 15 0.172734 2.45932
19.6798 -47.0912 -233.605 -176.867 15 0.172734 2.45932
19.8268 -49.1672 -231.918 -177.333 15 0.172734 2.45932
19.9738 -51.2432 -230.232 -177.8 15 0.172734 2.45932
20.1207 -53.3193 -228.545 -178.267 15 0.172734 2.45932
20.2677 -55.3953 -226.859 -178.733 15 0.172734 2.45932
20.4147 -57.4714 -225.172 -179.2 15 0.172734 2.45932
20.5617 -59.5474 -223.485 -179.667 15 0.172734 2.45932
20.7087 -61.6235 -221.799 -180.134 15 0.172734 2.45932
20.8557 -63.6995 -220.112 -180.6 15 0.172734 2.45932
21.0027 -65.7756 -218.426 -181.067 15 0.172734 2.45932
21.1496 -67.8516 -216.739 -181.534 15 0.172734 2.45932
21.2966 -69.9276 -215.052 -182 15 0.172734 2.45932
21.4436 -72.0037 -213.366 -182.467 15 0.172734 2.45932
21.5906 -74.0797 -211.679 -182.934 15 0.172734 2.45932
21.7376 -76.1558 -209.992 -183.4 15 0.172734 2.45932
21.8846 -78.2318 -208.306 -183.867 15 0.172734 2.45932
22.0316 -80.3079 -206.619 -184.334 15 0.172734 2.45932
22.1785 -82.3839 -204.933 -184.8 15 0.172734 2.45932
22.3255 -84.4599 -203.246 -185.267 15 0.172734 2.45932
22.4725 -86.536 -201.559 -185.734 15 0.172734 2.45932
22.6195 -88.612 -199.873 -186.2 15 0.172734 2.45932
22.7665 -90.6881 -198.186 -186.667 15 0.172734 2.45932
22.9135 -92.7641 -196.5 -187.134 15 0.172734 2.45932
23.0605 -94.8402 -194.813 -187.6 15 0.172734 2.45932
23.2074 -96.9162 -193.126 -188.067 15 0.172734 2.45932
23.3544 -98.9923 -191.44 -188.534 15 0.172734 2.45932
23.5014 -101.068 -189.753 -189 15 0.172734 2.45932
23.6484 -103.144 -188.066 -189.467 15 0.172734 2.45932
23.7954 -105.22 -186.38 -189.934 15 0.176928 2.40409
24.0098 -105.22 -186.38 -189.934 15 0.176928 2.40409
24.2242 -108.07 -183.791 -190.622 15 0.191909 2.29166
24.4385 -110.54 -180.979 -191.349 15 0.213741 2.17659
24.6529 -112.604 -178 -192.136 15 0.238435 2.05835
24.8673 -114.242 -174.911 -192.986 15 0.262459 1.93631
25.0817 -115.443 -171.773 -193.889 15 0.282728 1.80973
25.2961 -116.204 -168.648 -194.823 15 0.296564 1.67779
25.5105 -116.532 -165.597 -195.761 15 0.301646 1.53953
25.7249 -116.441 -162.68 -196.669 15 0.295975 1.39389
25.9392 -115.953 -159.954 -197.513 15 0.277958 1.23974
26.368 -115.1 -157.473 -198.262 15 0.226158 0.991155
26.7968 -112.456 -153.433 -199.373 15 0.120676 0.620887
27.2256 -108.88 -150.875 -199.906 15 0.0226565 0.212336
27.6543 -104.82 -150 -200 15 -0 0
27.9819 -104.82 -150 -200 15 -0 0
28.3095 -101.544 -150 -200 15 -0 0
28.637 -98.2686 -150 -200 15 -0 0
28.9646 -94.993 -150 -200 15 -0 0
29.2922 -91.7174 -150 -200 15 -0 0
29.6197 -88.4418 -150 -200 15 -0 0
29.9473 -85.1661 -150 -200 15 -0 0
30.2748 -81.8905 -150 -200 15 -0 0
30.6024 -78.6149 -150 -200 15 -0 0
30.93 -75.3393 -150 -200 15 -0 0
31.2575 -72.0637 -150 -200 15 -0 0
31.5851 -68.788 -150 -200 15 -0 0
31.9126 -65.5124 -150 -200 15 -0 0
32.2402 -62.2368 -150 -200 15 -0 0
32.5678 -58.9612 -150 -200 15 -0 0
32.8953 -55.6856 -150 -200 15 -0 0
33.2229 -52.4099 -150 -200 15 -0 0
33.5505 -49.1343 -150 -200 15 -0 0
33.878 -45.8587 -150 -200 15 -0 0
34.2056 -42.5831 -150 -200 15 -0 0
34.5331 -39.3074 -150 -200 15 -0 0
34.8607 -36.0318 -150 -200 15 -0 0
35.1883 -32.7562 -150 -200 15 -0 0
35.5158 -29.4806 -150 -200 15 -0 0
35.8434 -26.205 -150 -200 15 -0 0
36.171 -22.9293 -150 -200 15 -0 0
36.4985 -19.6537 -150 -200 15 -0 0
36.8261 -16.3781 -150 -200 15 -0 0
37.1536 -13.1025 -150 -200 15 -0 0
37.4812 -9.82686 -150 -200 15 -0 0
37.8088 -6.55124 -150 -200 15 -0 0
38.1363 -3.27562 -150 -200 15 -0 0
38.4639 0 -150 -200 15 -0 0
38.8945 0 -150 -200 15 -0 0
39.325 4.30571 -150 -200 15 -0 0
39.7556 8.61142 -150 -200 15 -0 0
40.1862 12.9171 -150 -200 15 -0 0
40.6167 17.2228 -150 -200 15 -0 0
41.0473 21.5286 -150 -200 15 -0 0
41.4779 25.8343 -150 -200 15 -0 0
41.9085 30.14 -150 -200 15 -0 0
42.339 34.4457 -150 -200 15 -0 0
42.7696 38.7514 -150 -200 15 -0 0
43.2002 43.0571 -150 -200 15 -0 0
43.6307 47.3628 -150 -200 15 -0 0
44.0613 51.6685 -150 -200 15 -0 0
44.4919 55.9743 -150 -200 15 -0 0
44.9225 60.28 -150 -200 15 -0 0
45.353 64.5857 -150 -200 15 -0 0
45.7836 68.8914 -150 -200 15 -0 0
46.2142 73.1971 -150 -200 15 -0 0
46.6447 77.5028 -150 -200 15 -0 0
47.0753 81.8085 -150 -200 15 -0 0
47.5059 86.1142 -150 -200 15 -0 0
47.9365 90.4199 -150 -200 15 -0 0
48.367 94.7257 -150 -200 15 -0 0
48.7976 99.0314 -150 -200 15 -0 0
49.2282 103.337 -150 -200 15 -0 0
49.6587 107.643 -150 -200 15 -0 0
50.0893 111.949 -150 -200 15 -0 0
50.5199 116.254 -150 -200 15 -0 0
50.9505 120.56 -150 -200 15 -0 0
51.381 124.866 -150 -200 15 -0 0
51.8116 129.171 -150 -200 15 -0 0
52.2422 133.477 -150 -200 15 -0 0
52.6727 137.783 -150 -200 15 -0 0.230353
53.1434 137.783 -150 -200 15 -0 0.230353
53.3788 142.379 -148.922 -200 15 -0 0.564001
53.6142 144.471 -147.599 -200 15 -0 0.773925
53.8495 146.322 -145.79 -200 15 -0 0.971551
54.0849 147.86 -143.538 -200 15 -0 1.15671
54.3202 149.021 -140.897 -200 15 -0 1.33016
54.5556 149.749 -137.929 -200 15 -0 1.49314
54.7909 150 -134.704 -200 15 -0 1.5708
55.134 150 -134.704 -200 15 -0 1.5708
55.4771 150 -129.852 -200 15 -0 1.5708
55.8202 150 -125 -200 15 -0 1.5708
56.0412 150 -125 -200 15 -0 1.5708
56.2622 150 -121.875 -200 15 -0 1.5708
56.4831 150 -118.75 -200 15 -0 1.5708
56.7041 150 -115.625 -200 15 -0 1.5708
56.9251 150 -112.5 -200 15 -0 1.5708
57.1461 150 -109.375 -200 15 -0 1.5708
57.367 150 -106.25 -200 15 -0 1.5708
57.588 150 -103.125 -200 15 -0 1.5708
57.809 150 -100 -200 15 -0 1.5708
58.0852 150 -100 -200 15 -0 1.5708
58.3614 150 -96.0938 -200 15 -0 1.5708
58.6376 150 -92.1875 -200 15 -0 1.5708
58.9138 150 -88.2813 -200 15 -0 1.5708
59.19 150 -84.375 -200 15 -0 1.5708
59.4662 150 -80.4688 -200 15 -0 1.5708
59.7425 150 -76.5625 -200 15 -0 1.5708
60.0187 150 -72.6563 -200 15 -0 1.5708
60.2949 150 -68.75 -200 15 -0 1.5708
60.5711 150 -64.8438 -200 15 -0 1.5708
60.8473 150 -60.9375 -200 15 -0 1.5708
61.1235 150 -57.0313 -200 15 -0 1.5708
61.3997 150 -53.125 -200 15 -0 1.5708
61.676 150 -49.2188 -200 15 -0 1.5708
61.9522 150 -45.3125 -200 15 -0 1.5708
62.2284 150 -41.4063 -200 15 -0 1.5708
62.5046 150 -37.5 -200 15 -0 1.5708
62.7808 150 -33.5938 -200 15 -0 1.5708
63.057 150 -29.6875 -200 15 -0 1.5708
63.3332 150 -25.7813 -200 15 -0 1.5708
63.6095 150 -21.875 -200 15 -0 1.5708
63.8857 150 -17.9688 -200 15 -0 1.5708
64.1619 150 -14.0625 -200 15 -0 1.5708
64.4381 150 -10.1563 -200 15 -0 1.5708
64.7143 150 -6.25 -200 15 -0 1.5708
64.9905 150 -2.34375 -200 15 -0 1.5708
65.2667 150 1.5625 -200 15 -0 1.5708
65.5429 150 5.46875 -200 15 -0 1.5708
65.8192 150 9.375 -200 15 -0 1.5708
66.0954 150 13.2812 -200 15 -0 1.5708
66.3716 150 17.1875 -200 15 -0 1.5708
66.6478 150 21.0938 -200 15 -0 1.5708
66.924 150 25 -200 15 -0 1.5708
67.1085 150 25 -200 15 -0 1.5708
67.293 150 27.6093 -200 15 -0 1.5708
67.4775 150 30.2186 -200 15 -0 1.5708
67.662 150 32.8279 -200 15 -0 1.5708
67.8465 150 35.4373 -200 15 -0 1.5708
68.0311 150 38.0466 -200 15 -0 1.5708
68.2156 150 40.6559 -200 15 -0 1.5708
68.4001 150 43.2652 -200 15 -0 1.5708
68.5846 150 45.8745 -200 15 -0 1.5708
68.7691 150 48.4838 -200 15 -0 1.5708
68.9536 150 51.0932 -200 15 -0 1.5708
69.1381 150 53.7025 -200 15 -0 1.5708
69.3226 150 56.3118 -200 15 -0 1.5708
69.5071 150 58.9211 -200 15 -0 1.5708
69.6916 150 61.5304 -200 15 -0 1.5708
69.8761 150 64.1397 -200 15 -0 1.5708
70.0606 150 66.7491 -200 15 -0 1.66152
70.3411 150 66.7491 -200 15 -0 1.66152
70.6216 149.629 70.8217 -200 15 -0 1.83417
70.9021 148.499 75.0143 -200 15 -0 1.99806
71.1826 146.6 79.1861 -200 15 -0 2.15495
71.3228 143.948 83.1974 -200 15 -0 2.26866
71.463 142.352 85.1004 -200 15 -0 2.34315
71.6033 140.585 86.9135 -200 15 -0 2.41663
71.7435 138.657 88.6215 -200 15 -0 2.4892
71.8838 136.578 90.21 -200 15 -0 2.56099
72.024 134.359 91.6656 -200 15 -0 2.63209
72.1642 132.013 92.9762 -200 15 -0 2.70262
72.3045 129.555 94.1307 -200 15 -0 2.77265
72.4447 126.997 95.1194 -200 15 -0 2.84227
72.585 124.358 95.9341 -200 15 -0 2.91157
72.7252 121.651 96.5678 -200 15 -0 2.98063
72.8655 118.895 97.0153 -200 15 -0 3.04951
73.0057 116.107 97.2727 -200 15 -0 3.1183
73.1459 113.304 97.338 -200 15 -0 3.18706
73.2862 110.504 97.2106 -200 15 -0 3.25588
73.4264 107.724 96.8915 -200 15 -0 3.32481
73.5667 104.982 96.3835 -200 15 -0 3.39393
73.7069 102.295 95.6908 -200 15 -0 3.46333
73.8471 99.6805 94.8192 -200 15 -0 3.53308
73.9874 97.1534 93.776 -200 15 -0 3.60326
74.1276 94.7295 92.57 -200 15 -0 3.67396
74.2679 92.4232 91.2114 -200 15 -0 3.74527
74.4081 90.248 89.7115 -200 15 -0 3.8173
74.5484 88.2164 88.083 -200 15 -0 3.89015
74.6886 86.3395 86.3395 -200 15 -0 3.92699
74.8838 86.3395 86.3395 -200 15 -0 3.92699
75.0791 83.8388 83.8388 -200 15 -0 3.92699
75.2405 83.8388 83.8388 -200 15 -0 3.92699
75.4019 81.7713 81.7713 -200 15 -0 3.92699
75.5634 79.7038 79.7038 -200 15 -0 3.92699
75.7248 77.6362 77.6362 -200 15 -0 3.92699
75.8862 75.5687 75.5687 -200 15 -0 3.92699
76.0477 73.5012 73.5012 -200 15 -0 3.92699
76.2091 71.4336 71.4336 -200 15 -0 3.92699
76.3705 69.3661 69.3661 -200 15 -0 3.92699
76.5319 67.2985 67.2985 -200 15 -0 3.92699
76.6934 65.231 65.231 -200 15 -0 3.92699
76.8548 63.1635 63.1635 -200 15 -0 3.92699
77.0162 61.0959 61.0959 -200 15 -0 3.92699
77.1777 59.0284 59.0284 -200 15 -0 3.92699
77.3391 56.9609 56.9609 -200 15 -0 3.92699
77.5005 54.8933 54.8933 -200 15 -0 3.92699
77.6619 52.8258 52.8258 -200 15 -0 3.92699
77.8234 50.7583 50.7583 -200 15 -0 3.92699
77.9848 48.6907 48.6907 -200 15 -0 3.92699
78.1462 46.6232 46.6232 -200 15 -0 3.92699
78.3077 44.5556 44.5556 -200 15 -0 3.92699
78.4691 42.4881 42.4881 -200 15 -0 3.92699
78.6305 40.4206 40.4206 -200 15 -0 3.92699
78.7919 38.353 38.353 -200 15 -0 3.92699
78.9534 36.2855 36.2855 -200 15 -0 3.92699
79.1148 34.218 34.218 -200 15 -0 3.92699
79.2762 32.1504 32.1504 -200 15 -0 3.92699
79.4377 30.0829 30.0829 -200 15 -0 3.92699
79.5991 28.0154 28.0154 -200 15 -0 3.92699
79.7605 25.9478 25.9478 -200 15 -0 3.92699
79.9219 23.8803 23.8803 -200 15 -0 3.92699
80.0834 21.8127 21.8127 -200 15 -0 3.92699
80.2448 19.7452 19.7452 -200 15 -0 3.92699
80.4062 17.6777 17.6777 -200 15 -0 3.92699
80.5787 17.6777 17.6777 -200 15 -0 3.92699
80.7513 15.468 15.468 -200 15 -0 3.92699
80.9238 13.2583 13.2583 -200 15 -0 3.92699
81.0963 11.0485 11.0485 -200 15 -0 3.92699
81.2689 8.83883 8.83883 -200 15 -0 3.92699
81.4414 6.62913 6.62913 -200 15 -0 3.92699
81.6139 4.41942 4.41942 -200 15 -0 3.92699
81.7865 2.20971 2.20971 -200 15 -0 3.92699
81.959 0 0 -200 15 -0 3.92699
82.1315 0 0 -200 15 -0 3.92699
82.304 -2.20971 -2.20971 -200 15 -0 3.92699
82.4766 -4.41942 -4.41942 -200 15 -0 3.92699
82.6491 -6.62913 -6.62913 -200 15 -0 3.92699
82.8216 -8.83883 -8.83883 -200 15 -0 3.92699
82.9942 -11.0485 -11.0485 -200 15 -0 3.92699
83.1667 -13.2583 -13.2583 -200 15 -0 3.92699
83.3392 -15.468 -15.468 -200 15 -0 3.92699
83.5117 -17.6777 -17.6777 -200 15 -0 3.92699
83.6732 -17.6777 -17.6777 -200 15 -0 3.92699
83.8346 -19.7452 -19.7452 -200 15 -0 3.92699
83.996 -21.8127 -21.8127 -200 15 -0 3.92699
84.1575 -23.8803 -23.8803 -200 15 -0 3.92699
84.3189 -25.9478 -25.9478 -200 15 -0 3.92699
84.4803 -28.0154 -28.0154 -200 15 -0 3.92699
84.6417 -30.0829 -30.0829 -200 15 -0 3.92699
84.8032 -32.1504 -32.1504 -200 15 -0 3.92699
84.9646 -34.218 -34.218 -200 15 -0 3.92699
85.126 -36.2855 -36.2855 -200 15 -0 3.92699
85.2875 -38.353 -38.353 -200 15 -0 3.92699
85.4489 -40.4206 -40.4206 -200 15 -0 3.92699
85.6103 -42.4881 -42.4881 -200 15 -0 3.92699
85.7717 -44.5556 -44.5556 -200 15 -0 3.92699
85.9332 -46.6232 -46.6232 -200 15 -0 3.92699
86.0946 -48.6907 -48.6907 -200 15 -0 3.92699
86.256 -50.7583 -50.7583 -200 15 -0 3.92699
86.4175 -52.8258 -52.8258 -200 15 -0 3.92699
86.5789 -54.8933 -54.8933 -200 15 -0 3.92699
86.7403 -56.9609 -56.9609 -200 15 -0 3.92699
86.9017 -59.0284 -59.0284 -200 15 -0 3.92699
87.0632 -61.0959 -61.0959 -200 15 -0 3.92699
87.2246 -63.1635 -63.1635 -200 15 -0 3.92699
87.386 -65.231 -65.231 -200 15 -0 3.92699
87.5474 -67.2985 -67.2985 -200 15 -0 3.92699
87.7089 -69.3661 -69.3661 -200 15 -0 3.92699
87.8703 -71.4336 -71.4336 -200 15 -0 3.92699
88.0317 -73.5012 -73.5012 -200 15 -0 3.92699
88.1932 -75.5687 -75.5687 -200 15 -0 3.92699
88.3546 -77.6362 -77.6362 -200 15 -0 3.92699
88.516 -79.7038 -79.7038 -200 15 -0 3.92699
88.6774 -81.7713 -81.7713 -200 15 -0 3.92699
88.8389 -83.8388 -83.8388 -200 15 -0 3.92699
88.9915 -83.8388 -83.8388 -200 15 -0 3.92699
89.1441 -85.7935 -85.7935 -200 15 -0 3.92699
89.2967 -87.7482 -87.7482 -200 15 -0 3.92699
89.4493 -89.7029 -89.7029 -200 15 -0 3.92699
89.602 -91.6576 -91.6576 -200 15 -0 3.92699
89.7546 -93.6123 -93.6123 -200 15 -0 3.92699
89.9072 -95.567 -95.567 -200 15 -0 3.92699
90.0598 -97.5216 -97.5216 -200 15 -0 3.92699
90.2124 -99.4763 -99.4763 -200 15 -0 3.92699
90.365 -101.431 -101.431 -200 15 -0 3.92699
90.5177 -103.386 -103.386 -200 15 -0 3.92699
90.6703 -105.34 -105.34 -200 15 -0 3.92699
90.8229 -107.295 -107.295 -200 15 -0 3.92699
90.9755 -109.25 -109.25 -200 15 -0 3.92699
91.1281 -111.204 -111.204 -200 15 -0 3.92699
91.2808 -113.159 -113.159 -200 15 -0 3.92699
91.4334 -115.114 -115.114 -200 15 -0 3.98038
91.6359 -115.114 -115.114 -200 15 -0 3.98038
91.8384 -117.531 -117.804 -200 15 -0 4.08922
92.0409 -119.581 -120.657 -200 15 -0 4.20078
92.2434 -121.246 -123.621 -200 15 -0 4.31557
92.4459 -122.513 -126.646 -200 15 -0 4.43417
92.6484 -123.379 -129.678 -200 15 -0 4.55723
92.8509 -123.846 -132.664 -200 15 -0 4.6855
93.0534 -123.924 -135.551 -200 15 -0 4.81981
93.2559 -123.629 -138.29 -200 15 -0 4.96102
93.4584 -122.983 -140.833 -200 15 -0 5.11003
93.8634 -122.017 -143.134 -200 15 -0 5.34908
94.2684 -119.264 -146.857 -200 15 -0 5.7012
94.6734 -115.703 -149.2 -200 15 -0 6.08489
95.0784 -111.724 -150 -200 15 -0 0
95.4275 -111.724 -150 -200 15 -0 0
95.7767 -108.232 -150 -200 15 -0 0
96.1258 -104.741 -150 -200 15 -0 0
96.4749 -101.249 -150 -200 15 -0 0
96.8241 -97.7581 -150 -200 15 -0 0
97.1732 -94.2667 -150 -200 15 -0 0
97.5224 -90.7754 -150 -200 15 -0 0
97.8715 -87.284 -150 -200 15 -0 0
98.2206 -83.7927 -150 -200 15 -0 0
98.5698 -80.3013 -150 -200 15 -0 0
98.9189 -76.8099 -150 -200 15 -0 0
99.268 -73.3186 -150 -200 15 -0 0
99.6172 -69.8272 -150 -200 15 -0 0
99.9663 -66.3358 -150 -200 15 -0 0
100.315 -62.8445 -150 -200 15 -0 0
100.665 -59.3531 -150 -200 15 -0 0
101.014 -55.8618 -150 -200 15 -0 0
101.363 -52.3704 -150 -200 15 -0 0
101.712 -48.879 -150 -200 15 -0 0
102.061 -45.3877 -150 -200 15 -0 0
102.41 -41.8963 -150 -200 15 -0 0
102.759 -38.405 -150 -200 15 -0 0
103.109 -34.9136 -150 -200 15 -0 0
103.458 -31.4222 -150 -200 15 -0 0
103.807 -27.9309 -150 -200 15 -0 0
104.156 -24.4395 -150 -200 15 -0 0
104.505 -20.9482 -150 -200 15 -0 0
104.854 -17.4568 -150 -200 15 -0 0
105.203 -13.9654 -150 -200 15 -0 0
105.552 -10.4741 -150 -200 15 -0 0
105.902 -6.98272 -150 -200 15 -0 0
106.251 -3.49136 -150 -200 15 -0 0
106.6 0 -150 -200 15 -0 0
107.03 0 -150 -200 15 -0 0
107.461 4.30571 -150 -200 15 -0 0
107.892 8.61142 -150 -200 15 -0 0
108.322 12.9171 -150 -200 15 -0 0
108.753 17.2228 -150 -200 15 -0 0
109.183 21.5286 -150 -200 15 -0 0
109.614 25.8343 -150 -200 15 -0 0
110.044 30.14 -150 -200 15 -0 0
110.475 34.4457 -150 -200 15 -0 0
110.906 38.7514 -150 -200 15 -0 0
111.336 43.0571 -150 -200 15 -0 0
111.767 47.3628 -150 -200 15 -0 0
112.197 51.6685 -150 -200 15 -0 0
112.628 55.9743 -150 -200 15 -0 0
113.058 60.28 -150 -200 15 -0 0
113.489 64.5857 -150 -200 15 -0 0
113.92 68.8914 -150 -200 15 -0 0
114.35 73.1971 -150 -200 15 -0 0
114.781 77.5028 -150 -200 15 -0 0
115.211 81.8085 -150 -200 15 -0 0
115.642 86.1142 -150 -200 15 -0 0
116.072 90.4199 -150 -200 15 -0 0
116.503 94.7257 -150 -200 15 -0 0
116.934 99.0314 -150 -200 15 -0 0
117.364 103.337 -150 -200 15 -0 0
117.795 107.643 -150 -200 15 -0 0
118.225 111.949 -150 -200 15 -0 0
118.656 116.254 -150 -200 15 -0 0
119.086 120.56 -150 -200 15 -0 0
119.517 124.866 -150 -200 15 -0 0
119.948 129.171 -150 -200 15 -0 0
120.378 133.477 -150 -200 15 -0 0
120.809 137.783 -150 -200 15 -0 0.230353
121.279 137.783 -150 -200 15 -0 0.230353
121.515 142.379 -148.922 -200 15 -0 0.564001
121.75 144.471 -147.599 -200 15 -0 0.773925
121.986 146.322 -145.79 -200 15 -0 0.971551
122.221 147.86 -143.538 -200 15 -0 1.15671
122.456 149.021 -140.897 -200 15 -0 1.33016
122.692 149.749 -137.929 -200 15 -0 1.49314
122.927 150 -134.704 -200 15 -0 1.5708
123.234 150 -134.704 -200 15 -0 1.5708
123.54 150 -130.366 -200 15 -0 1.5708
123.847 150 -126.028 -200 15 -0 1.5708
124.154 150 -121.69 -200 15 -0 1.5708
124.461 150 -117.352 -200 15 -0 1.5708
124.767 150 -113.014 -200 15 -0 1.5708
125.074 150 -108.676 -200 15 -0 1.5708
125.381 150 -104.338 -200 15 -0 1.5708
125.688 150 -100 -200 15 -0 1.5708
125.909 150 -100 -200 15 -0 1.5708
126.13 150 -96.875 -200 15 -0 1.5708
126.351 150 -93.75 -200 15 -0 1.5708
126.572 150 -90.625 -200 15 -0 1.5708
126.792 150 -87.5 -200 15 -0 1.5708
127.013 150 -84.375 -200 15 -0 1.5708
127.234 150 -81.25 -200 15 -0 1.5708
127.455 150 -78.125 -200 15 -0 1.5708
127.676 150 -75 -200 15 -0 1.5708
127.897 150 -71.875 -200 15 -0 1.5708
128.118 150 -68.75 -200 15 -0 1.5708
128.339 150 -65.625 -200 15 -0 1.5708
128.56 150 -62.5 -200 15 -0 1.5708
128.781 150 -59.375 -200 15 -0 1.5708
129.002 150 -56.25 -200 15 -0 1.5708
129.223 150 -53.125 -200 15 -0 1.5708
129.444 150 -50 -200 15 -0 1.5708
129.665 150 -50 -200 15 -0 1.5708
129.886 150 -46.875 -200 15 -0 1.5708
130.107 150 -43.75 -200 15 -0 1.5708
130.328 150 -40.625 -200 15 -0 1.5708
130.549 150 -37.5 -200 15 -0 1.5708
130.77 150 -34.375 -200 15 -0 1.5708
130.991 150 -31.25 -200 15 -0 1.5708
131.212 150 -28.125 -200 15 -0 1.5708
131.433 150 -25 -200 15 -0 1.5708
131.654 150 -21.875 -200 15 -0 1.5708
131.875 150 -18.75 -200 15 -0 1.5708
132.096 150 -15.625 -200 15 -0 1.5708
132.317 150 -12.5 -200 15 -0 1.5708
132.538 150 -9.375 -200 15 -0 1.5708
132.759 150 -6.25 -200 15 -0 1.5708
132.98 150 -3.125 -200 15 -0 1.5708
133.201 150 0 -200 15 -0 1.5708
133.422 150 0 -200 15 -0 1.5708
133.643 150 3.125 -200 15 -0 1.5708
133.864 150 6.25 -200 15 -0 1.5708
134.085 150 9.375 -200 15 -0 1.5708
134.306 150 12.5 -200 15 -0 1.5708
134.526 150 15.625 -200 15 -0 1.5708
134.747 150 18.75 -200 15 -0 1.5708
134.968 150 21.875 -200 15 -0 1.5708
135.189 150 25 -200 15 -0 1.5708
135.41 150 28.125 -200 15 -0 1.5708
135.631 150 31.25 -200 15 -0 1.5708
135.852 150 34.375 -200 15 -0 1.5708
136.073 150 37.5 -200 15 -0 1.5708
136.294 150 40.625 -200 15 -0 1.5708
136.515 150 43.75 -200 15 -0 1.5708
136.736 150 46.875 -200 15 -0 1.5708
136.957 150 50 -200 15 -0 1.5708
137.178 150 50 -200 15 -0 1.5708
137.399 150 53.125 -200 15 -0 1.5708
137.62 150 56.25 -200 15 -0 1.5708
137.841 150 59.375 -200 15 -0 1.5708
138.062 150 62.5 -200 15 -0 1.5708
138.283 150 65.625 -200 15 -0 1.5708
138.504 150 68.75 -200 15 -0 1.5708
138.725 150 71.875 -200 15 -0 1.5708
138.946 150 75 -200 15 -0 1.5708
139.167 150 78.125 -200 15 -0 1.5708
139.388 150 81.25 -200 15 -0 1.5708
139.609 150 84.375 -200 15 -0 1.5708
139.83 150 87.5 -200 15 -0 1.5708
140.051 150 90.625 -200 15 -0 1.5708
140.272 150 93.75 -200 15 -0 1.5708
140.493 150 96.875 -200 15 -0 1.5708
140.714 150 100 -200 15 -0 1.5708
141.057 150 100 -200 15 -0 1.5708
141.4 150 104.852 -200 15 -0 1.5708
141.743 150 109.704 -200 15 -0 1.5708
142.086 150 114.556 -200 15 -0 1.5708
142.429 150 119.409 -200 15 -0 1.63009
142.612 150 119.409 -200 15 -0 1.63009
142.794 149.844 122.04 -200 15 -0 1.74479
142.977 149.369 124.743 -200 15 -0 1.85535
143.16 148.568 127.479 -200 15 -0 1.96231
143.342 147.442 130.209 -200 15 -0 2.06615
143.525 145.991 132.893 -200 15 -0 2.1673
143.708 144.224 135.495 -200 15 -0 2.26614
143.89 142.154 137.977 -200 15 -0 2.363
144.073 139.796 140.303 -200 15 -0 2.45818
144.256 137.171 142.44 -200 15 -0 2.55194
144.438 134.304 144.359 -200 15 -0 2.64453
144.621 131.222 146.03 -200 15 -0 2.73616
144.804 127.957 147.432 -200 15 -0 2.82702
144.986 124.541 148.543 -200 15 -0 2.91731
145.169 121.01 149.349 -200 15 -0 3.00718
145.352 117.403 149.837 -200 15 -0 3.09682
145.534 113.756 150 -200 15 -0 3.14159
145.712 113.756 150 -200 15 -0 3.14159
145.89 110.201 150 -200 15 -0 3.14159
146.067 106.647 150 -200 15 -0 3.14159
146.245 103.092 150 -200 15 -0 3.14159
146.423 99.5367 150 -200 15 -0 3.14159
146.601 95.9819 150 -200 15 -0 3.14159
146.778 92.427 150 -200 15 -0 3.14159
146.956 88.8721 150 -200 15 -0 3.14159
147.134 85.3172 150 -200 15 -0 3.14159
147.312 81.7623 150 -200 15 -0 3.14159
147.489 78.2074 150 -200 15 -0 3.14159
147.667 74.6526 150 -200 15 -0 3.14159
147.845 71.0977 150 -200 15 -0 3.14159
148.023 67.5428 150 -200 15 -0 3.14159
148.2 63.9879 150 -200 15 -0 3.14159
148.378 60.433 150 -200 15 -0 3.14159
148.556 56.8781 150 -200 15 -0 3.14159
148.734 53.3233 150 -200 15 -0 3.14159
148.911 49.7684 150 -200 15 -0 3.14159
149.089 46.2135 150 -200 15 -0 3.14159
149.267 42.6586 150 -200 15 -0 3.14159
149.445 39.1037 150 -200 15 -0 3.14159
149.622 35.5488 150 -200 15 -0 3.14159
149.8 31.994 150 -200 15 -0 3.14159
149.978 28.4391 150 -200 15 -0 3.14159
150.156 24.8842 150 -200 15 -0 3.14159
150.333 21.3293 150 -200 15 -0 3.14159
150.511 17.7744 150 -200 15 -0 3.14159
150.689 14.2195 150 -200 15 -0 3.14159
150.867 10.6647 150 -200 15 -0 3.14159
151.044 7.10977 150 -200 15 -0 3.14159
151.222 3.55488 150 -200 15 -0 3.14159
151.4 0 150 -200 15 -0 3.14159
151.578 0 150 -200 15 -0 3.14159
151.755 -3.55488 150 -200 15 -0 3.14159
151.933 -7.10977 150 -200 15 -0 3.14159
152.111 -10.6647 150 -200 15 -0 3.14159
152.289 -14.2195 150 -200 15 -0 3.14159
152.466 -17.7744 150 -200 15 -0 3.14159
152.644 -21.3293 150 -200 15 -0 3.14159
152.822 -24.8842 150 -200 15 -0 3.14159
153 -28.4391 150 -200 15 -0 3.14159
153.177 -31.994 150 -200 15 -0 3.14159
153.355 -35.5488 150 -200 15 -0 3.14159
153.533 -39.1037 150 -200 15 -0 3.14159
153.71 -42.6586 150 -200 15 -0 3.14159
153.888 -46.2135 150 -200 15 -0 3.14159
154.066 -49.7684 150 -200 15 -0 3.14159
154.244 -53.3233 150 -200 15 -0 3.14159
154.421 -56.8781 150 -200 15 -0 3.14159
154.599 -60.433 150 -200 15 -0 3.14159
154.777 -63.9879 150 -200 15 -0 3.14159
154.955 -67.5428 150 -200 15 -0 3.14159
155.132 -71.0977 150 -200 15 -0 3.14159
155.31 -74.6526 150 -200 15 -0 3.14159
155.488 -78.2074 150 -200 15 -0 3.14159
155.666 -81.7623 150 -200 15 -0 3.14159
155.843 -85.3172 150 -200 15 -0 3.14159
156.021 -88.8721 150 -200 15 -0 3.14159
156.199 -92.427 150 -200 15 -0 3.14159
156.377 -95.9819 150 -200 15 -0 3.14159
156.554 -99.5367 150 -200 15 -0 3.14159
156.732 -103.092 150 -200 15 -0 3.14159
156.91 -106.647 150 -200 15 -0 3.14159
157.088 -110.201 150 -200 15 -0 3.14159
157.265 -113.756 150 -200 15 -0 3.18637
157.448 -113.756 150 -200 15 -0 3.18637
157.631 -117.403 149.837 -200 15 -0 3.276
157.813 -121.01 149.349 -200 15 -0 3.36588
157.996 -124.541 148.543 -200 15 -0 3.45616
158.179 -127.957 147.432 -200 15 -0 3.54703
158.361 -131.222 146.03 -200 15 -0 3.63865
158.544 -134.304 144.359 -200 15 -0 3.73124
158.727 -137.171 142.44 -200 15 -0 3.82501
158.909 -139.796 140.303 -200 15 -0 3.92019
159.092 -142.154 137.977 -200 15 -0 4.01705
159.275 -144.224 135.495 -200 15 -0 4.11589
159.457 -145.991 132.893 -200 15 -0 4.21704
159.64 -147.442 130.209 -200 15 -0 4.32088
159.823 -148.568 127.479 -200 15 -0 4.42783
160.005 -149.369 124.743 -200 15 -0 4.53839
160.188 -149.844 122.04 -200 15 -0 4.65309
160.37 -150 119.409 -200 15 -0 4.71239
160.714 -150 119.409 -200 15 -0 4.71239
161.057 -150 114.556 -200 15 -0 4.71239
161.4 -150 109.704 -200 15 -0 4.71239
161.743 -150 104.852 -200 15 -0 4.71239
162.086 -150 100 -200 15 -0 4.71239
162.307 -150 100 -200 15 -0 4.71239
162.528 -150 96.875 -200 15 -0 4.71239
162.749 -150 93.75 -200 15 -0 4.71239
162.97 -150 90.625 -200 15 -0 4.71239
163.191 -150 87.5 -200 15 -0 4.71239
163.412 -150 84.375 -200 15 -0 4.71239
163.633 -150 81.25 -200 15 -0 4.71239
163.854 -150 78.125 -200 15 -0 4.71239
164.075 -150 75 -200 15 -0 4.71239
164.296 -150 71.875 -200 15 -0 4.71239
164.517 -150 68.75 -200 15 -0 4.71239
164.738 -150 65.625 -200 15 -0 4.71239
164.959 -150 62.5 -200 15 -0 4.71239
165.18 -150 59.375 -200 15 -0 4.71239
165.401 -150 56.25 -200 15 -0 4.71239
165.622 -150 53.125 -200 15 -0 4.71239
165.842 -150 50 -200 15 -0 4.71239
166.063 -150 50 -200 15 -0 4.71239
166.284 -150 46.875 -200 15 -0 4.71239
166.505 -150 43.75 -200 15 -0 4.71239
166.726 -150 40.625 -200 15 -0 4.71239
166.947 -150 37.5 -200 15 -0 4.71239
167.168 -150 34.375 -200 15 -0 4.71239
167.389 -150 31.25 -200 15 -0 4.71239
167.61 -150 28.125 -200 15 -0 4.71239
167.831 -150 25 -200 15 -0 4.71239
168.052 -150 21.875 -200 15 -0 4.71239
168.273 -150 18.75 -200 15 -0 4.71239
168.494 -150 15.625 -200 15 -0 4.71239
168.715 -150 12.5 -200 15 -0 4.71239
168.936 -150 9.375 -200 15 -0 4.71239
169.157 -150 6.25 -200 15 -0 4.71239
169.378 -150 3.125 -200 15 -0 4.71239
