time x y z V_A gamma chi
0 -212.5 -50 -70 15 -0 0
0.415989 -212.5 -50 -70 15 -0 0
0.831977 -208.756 -50 -70 15 -0 0
1.24797 -205.012 -50 -70 15 -0 0
1.66395 -201.268 -50 -70 15 -0 0
2.07994 -197.524 -50 -70 15 -0 0
2.49593 -193.781 -50 -70 15 -0 0
2.91192 -190.037 -50 -70 15 -0 0
3.32791 -186.293 -50 -70 15 -0 0
3.7439 -182.549 -50 -70 15 0.0294623 6.09282
4.09399 -182.549 -50 -70 15 0.0294623 6.09282
4.44407 -179.444 -50.5983 -70.0932 15 0.146251 5.7264
4.79416 -176.61 -52.3622 -70.5848 15 0.248711 5.39458
5.14425 -174.306 -55.1995 -71.5132 15 0.281292 5.10224
5.49434 -172.759 -58.9622 -72.6887 15 0.283219 4.95737
5.71601 -172.759 -58.9622 -72.6887 15 0.283219 4.95737
5.93769 -172.118 -61.5271 -73.4581 15 0.283219 4.95737
6.15936 -171.477 -64.092 -74.2276 15 0.283219 4.95737
6.38104 -170.836 -66.6568 -74.997 15 0.283219 4.95737
6.60271 -170.195 -69.2217 -75.7665 15 0.283219 4.95737
6.82439 -169.553 -71.7865 -76.536 15 0.283219 4.95737
7.04606 -168.912 -74.3514 -77.3054 15 0.283219 4.95737
7.26774 -168.271 -76.9163 -78.0749 15 0.283219 4.95737
7.48941 -167.63 -79.4811 -78.8443 15 0.283219 4.95737
7.71109 -166.989 -82.046 -79.6138 15 0.283219 4.95737
7.93276 -166.347 -84.6108 -80.3833 15 0.283219 4.95737
8.15444 -165.706 -87.1757 -81.1527 15 0.283219 4.95737
8.37611 -165.065 -89.7406 -81.9222 15 0.283219 4.95737
8.59779 -164.424 -92.3054 -82.6916 15 0.283219 4.95737
8.81946 -163.782 -94.8703 -83.4611 15 0.283219 4.95737
9.04114 -163.141 -97.4351 -84.2305 15 0.283219 4.95737
9.26281 -162.5 -100 -85 15 0.283219 4.95737
9.4858 -162.5 -100 -85 15 0.283219 4.95737
9.70879 -161.855 -102.58 -85.774 15 0.283219 4.95737
9.93178 -161.21 -105.16 -86.548 15 0.283219 4.95737
10.1548 -160.565 -107.74 -87.3221 15 0.283219 4.95737
10.3778 -159.92 -110.32 -88.0961 15 0.283219 4.95737
10.6007 -159.275 -112.9 -88.8701 15 0.283219 4.95737
10.8237 -158.63 -115.48 -89.6441 15 0.283219 4.95737
11.0467 -157.985 -118.06 -90.4181 15 0.283219 4.95737
11.2697 -157.34 -120.641 -91.1922 15 0.283219 4.95737
11.4927 -156.695 -123.221 -91.9662 15 0.283219 4.95737
11.7157 -156.05 -125.801 -92.7402 15 0.283219 4.95737
11.9387 -155.405 -128.381 -93.5142 15 0.283219 4.95737
12.1617 -154.76 -130.961 -94.2882 15 0.283219 4.95737
12.3847 -154.115 -133.541 -95.0622 15 0.283219 4.95737
12.6077 -153.47 -136.121 -95.8363 15 0.283219 4.95737
12.8306 -152.825 -138.701 -96.6103 15 0.283219 4.95737
13.0536 -152.18 -141.281 -97.3843 15 0.288431 5.08884
13.4037 -152.18 -141.281 -97.3843 15 0.288431 5.08884
13.7538 -150.733 -144.942 -98.5522 15 0.250131 5.38201
14.1039 -148.548 -147.702 -99.4516 15 0.143655 5.71698
14.454 -145.848 -149.418 -99.9144 15 0.0283456 6.08925
14.8041 -142.884 -150 -100 15 -0 0
15.3002 -142.884 -150 -100 15 -0 0
15.7963 -138.419 -150 -100 15 -0 0
16.2924 -133.954 -150 -100 15 -0 0
16.7886 -129.489 -150 -100 15 -0 0
17.2847 -125.024 -150 -100 15 -0 0
17.7808 -120.558 -150 -100 15 -0 0
18.2769 -116.093 -150 -100 15 -0 0
18.7731 -111.628 -150 -100 15 -0 0
19.2692 -107.163 -150 -100 15 -0 0
19.7653 -102.698 -150 -100 15 -0 0
20.2615 -98.2328 -150 -100 15 -0 0
20.7576 -93.7677 -150 -100 15 -0 0
21.2537 -89.3026 -150 -100 15 -0 0
21.7498 -84.8375 -150 -100 15 -0 0
22.246 -80.3723 -150 -100 15 -0 0
22.7421 -75.9072 -150 -100 15 -0 0
23.2382 -71.4421 -150 -100 15 -0 0
23.7343 -66.9769 -150 -100 15 -0 0
24.2305 -62.5118 -150 -100 15 -0 0
24.7266 -58.0467 -150 -100 15 -0 0
25.2227 -53.5816 -150 -100 15 -0 0
25.7188 -49.1164 -150 -100 15 -0 0
26.215 -44.6513 -150 -100 15 -0 0
26.7111 -40.1862 -150 -100 15 -0 0
27.2072 -35.721 -150 -100 15 -0 0
27.7033 -31.2559 -150 -100 15 -0 0
28.1995 -26.7908 -150 -100 15 -0 0
28.6956 -22.3256 -150 -100 15 -0 0
29.1917 -17.8605 -150 -100 15 -0 0
29.6878 -13.3954 -150 -100 15 -0 0
30.184 -8.93026 -150 -100 15 -0 0
30.6801 -4.46513 -150 -100 15 -0 0
31.1762 0 -150 -100 15 -0 0
31.661 0 -150 -100 15 -0 0
32.1457 4.36285 -150 -100 15 -0 0
32.6305 8.72569 -150 -100 15 -0 0
33.1153 13.0885 -150 -100 15 -0 0
33.6 17.4514 -150 -100 15 -0 0
34.0848 21.8142 -150 -100 15 -0 0
34.5695 26.1771 -150 -100 15 -0 0
35.0543 30.5399 -150 -100 15 -0 0
35.5391 34.9028 -150 -100 15 -0 0
36.0238 39.2656 -150 -100 15 -0 0
36.5086 43.6285 -150 -100 15 -0 0
36.9933 47.9913 -150 -100 15 -0 0
37.4781 52.3541 -150 -100 15 -0 0
37.9629 56.717 -150 -100 15 -0 0
38.4476 61.0798 -150 -100 15 -0 0
38.9324 65.4427 -150 -100 15 -0 0
39.4171 69.8055 -150 -100 15 -0 0
39.9019 74.1684 -150 -100 15 -0 0
40.3867 78.5312 -150 -100 15 -0 0
40.8714 82.8941 -150 -100 15 -0 0
41.3562 87.2569 -150 -100 15 -0 0
41.8409 91.6198 -150 -100 15 -0 0
42.3257 95.9826 -150 -100 15 -0 0
42.8105 100.345 -150 -100 15 -0 0
43.2952 104.708 -150 -100 15 -0 0
43.78 109.071 -150 -100 15 -0 0
44.2647 113.434 -150 -100 15 -0 0
44.7495 117.797 -150 -100 15 -0 0
45.2343 122.16 -150 -100 15 -0 0
45.719 126.523 -150 -100 15 -0 0
46.2038 130.885 -150 -100 15 -0 0
46.6885 135.248 -150 -100 15 -0 0
47.1733 139.611 -150 -100 15 -0 0.240772
47.6166 139.611 -150 -100 15 -0 0.240772
48.0599 143.508 -149.043 -100 15 -0 0.694561
48.5032 146.858 -146.252 -100 15 -0 1.08803
48.7249 149.16 -141.861 -100 15 -0 1.34251
48.9465 149.784 -139.174 -100 15 -0 1.49755
49.1682 150 -136.234 -100 15 -0 1.5708
49.4976 150 -136.234 -100 15 -0 1.5708
49.8271 150 -131.705 -100 15 -0 1.5708
50.1565 150 -127.175 -100 15 -0 1.5708
50.486 150 -122.646 -100 15 -0 1.5708
50.8154 150 -118.117 -100 15 -0 1.5708
51.1449 150 -113.588 -100 15 -0 1.5708
51.4743 150 -109.058 -100 15 -0 1.5708
51.8038 150 -104.529 -100 15 -0 1.5708
52.1332 150 -100 -100 15 -0 1.5708
52.3606 150 -100 -100 15 -0 1.5708
52.5879 150 -96.875 -100 15 -0 1.5708
52.8152 150 -93.75 -100 15 -0 1.5708
53.0425 150 -90.625 -100 15 -0 1.5708
53.2698 150 -87.5 -100 15 -0 1.5708
53.4971 150 -84.375 -100 15 -0 1.5708
53.7244 150 -81.25 -100 15 -0 1.5708
53.9517 150 -78.125 -100 15 -0 1.5708
54.179 150 -75 -100 15 -0 1.5708
54.4063 150 -71.875 -100 15 -0 1.5708
54.6337 150 -68.75 -100 15 -0 1.5708
54.861 150 -65.625 -100 15 -0 1.5708
55.0883 150 -62.5 -100 15 -0 1.5708
55.3156 150 -59.375 -100 15 -0 1.5708
55.5429 150 -56.25 -100 15 -0 1.5708
55.7702 150 -53.125 -100 15 -0 1.5708
55.9975 150 -50 -100 15 -0 1.5708
56.2248 150 -50 -100 15 -0 1.5708
56.4521 150 -46.875 -100 15 -0 1.5708
56.6794 150 -43.75 -100 15 -0 1.5708
56.9068 150 -40.625 -100 15 -0 1.5708
57.1341 150 -37.5 -100 15 -0 1.5708
57.3614 150 -34.375 -100 15 -0 1.5708
57.5887 150 -31.25 -100 15 -0 1.5708
57.816 150 -28.125 -100 15 -0 1.5708
58.0433 150 -25 -100 15 -0 1.5708
58.2706 150 -21.875 -100 15 -0 1.5708
58.4979 150 -18.75 -100 15 -0 1.5708
58.7252 150 -15.625 -100 15 -0 1.5708
58.9526 150 -12.5 -100 15 -0 1.5708
59.1799 150 -9.375 -100 15 -0 1.5708
59.4072 150 -6.25 -100 15 -0 1.5708
59.6345 150 -3.125 -100 15 -0 1.5708
59.8618 150 0 -100 15 -0 1.5708
60.0891 150 0 -100 15 -0 1.5708
60.3164 150 3.125 -100 15 -0 1.5708
60.5437 150 6.25 -100 15 -0 1.5708
60.771 150 9.375 -100 15 -0 1.5708
60.9983 150 12.5 -100 15 -0 1.5708
61.2257 150 15.625 -100 15 -0 1.5708
61.453 150 18.75 -100 15 -0 1.5708
61.6803 150 21.875 -100 15 -0 1.5708
61.9076 150 25 -100 15 -0 1.5708
62.1349 150 28.125 -100 15 -0 1.5708
62.3622 150 31.25 -100 15 -0 1.5708
62.5895 150 34.375 -100 15 -0 1.5708
62.8168 150 37.5 -100 15 -0 1.5708
63.0441 150 40.625 -100 15 -0 1.5708
63.2714 150 43.75 -100 15 -0 1.5708
63.4988 150 46.875 -100 15 -0 1.5708
63.7261 150 50 -100 15 -0 1.5708
63.9534 150 50 -100 15 -0 1.5708
64.1807 150 53.125 -100 15 -0 1.5708
64.408 150 56.25 -100 15 -0 1.5708
64.6353 150 59.375 -100 15 -0 1.5708
64.8626 150 62.5 -100 15 -0 1.5708
65.0899 150 65.625 -100 15 -0 1.5708
65.3172 150 68.75 -100 15 -0 1.5708
65.5445 150 71.875 -100 15 -0 1.5708
65.7719 150 75 -100 15 -0 1.5708
65.9992 150 78.125 -100 15 -0 1.5708
66.2265 150 81.25 -100 15 -0 1.5708
66.4538 150 84.375 -100 15 -0 1.5708
66.6811 150 87.5 -100 15 -0 1.5708
66.9084 150 90.625 -100 15 -0 1.5708
67.1357 150 93.75 -100 15 -0 1.5708
67.363 150 96.875 -100 15 -0 1.5708
67.5903 150 100 -100 15 -0 1.5708
67.9155 150 100 -100 15 -0 1.5708
68.2406 150 104.47 -100 15 -0 1.5708
68.5657 150 108.939 -100 15 -0 1.5708
68.8908 150 113.409 -100 15 -0 1.5708
69.216 150 117.879 -100 15 -0 1.6322
69.4055 150 117.879 -100 15 -0 1.6322
69.595 149.836 120.548 -100 15 -0 1.74994
69.7845 149.335 123.317 -100 15 -0 1.86244
69.974 148.486 126.143 -100 15 -0 1.97052
70.1635 147.286 128.983 -100 15 -0 2.07488
70.353 145.736 131.793 -100 15 -0 2.1761
70.5425 143.841 134.531 -100 15 -0 2.27467
70.732 141.614 137.155 -100 15 -0 2.37103
70.9215 139.072 139.623 -100 15 -0 2.46553
71.111 136.234 141.899 -100 15 -0 2.55849
71.3005 133.129 143.947 -100 15 -0 2.65018
71.49 129.786 145.737 -100 15 -0 2.74085
71.6795 126.238 147.24 -100 15 -0 2.83071
71.8691 122.523 148.433 -100 15 -0 2.91996
72.0586 118.681 149.299 -100 15 -0 3.00878
72.2481 114.752 149.824 -100 15 -0 3.09735
72.4376 110.779 150 -100 15 -0 3.14159
72.6024 110.779 150 -100 15 -0 3.14159
72.7673 107.317 150 -100 15 -0 3.14159
72.9321 103.856 150 -100 15 -0 3.14159
73.097 100.394 150 -100 15 -0 3.14159
73.2618 96.9319 150 -100 15 -0 3.14159
73.4267 93.47 150 -100 15 -0 3.14159
73.5915 90.0081 150 -100 15 -0 3.14159
73.7564 86.5463 150 -100 15 -0 3.14159
73.9212 83.0844 150 -100 15 -0 3.14159
74.0861 79.6226 150 -100 15 -0 3.14159
74.2509 76.1607 150 -100 15 -0 3.14159
74.4158 72.6989 150 -100 15 -0 3.14159
74.5806 69.237 150 -100 15 -0 3.14159
74.7455 65.7752 150 -100 15 -0 3.14159
74.9103 62.3133 150 -100 15 -0 3.14159
75.0752 58.8515 150 -100 15 -0 3.14159
75.24 55.3896 150 -100 15 -0 3.14159
75.4049 51.9278 150 -100 15 -0 3.14159
75.5697 48.4659 150 -100 15 -0 3.14159
75.7346 45.0041 150 -100 15 -0 3.14159
75.8994 41.5422 150 -100 15 -0 3.14159
76.0643 38.0804 150 -100 15 -0 3.14159
76.2291 34.6185 150 -100 15 -0 3.14159
76.394 31.1567 150 -100 15 -0 3.14159
76.5588 27.6948 150 -100 15 -0 3.14159
76.7237 24.233 150 -100 15 -0 3.14159
76.8885 20.7711 150 -100 15 -0 3.14159
77.0534 17.3093 150 -100 15 -0 3.14159
77.2182 13.8474 150 -100 15 -0 3.14159
77.3831 10.3856 150 -100 15 -0 3.14159
77.5479 6.9237 150 -100 15 -0 3.14159
77.7128 3.46185 150 -100 15 -0 3.14159
77.8776 0 150 -100 15 -0 3.14159
78.0425 0 150 -100 15 -0 3.14159
78.2073 -3.46185 150 -100 15 -0 3.14159
78.3722 -6.9237 150 -100 15 -0 3.14159
78.537 -10.3856 150 -100 15 -0 3.14159
78.7019 -13.8474 150 -100 15 -0 3.14159
78.8667 -17.3093 150 -100 15 -0 3.14159
79.0316 -20.7711 150 -100 15 -0 3.14159
79.1964 -24.233 150 -100 15 -0 3.14159
79.3613 -27.6948 150 -100 15 -0 3.14159
79.5261 -31.1567 150 -100 15 -0 3.14159
79.691 -34.6185 150 -100 15 -0 3.14159
79.8558 -38.0804 150 -100 15 -0 3.14159
80.0207 -41.5422 150 -100 15 -0 3.14159
80.1855 -45.0041 150 -100 15 -0 3.14159
80.3504 -48.4659 150 -100 15 -0 3.14159
80.5152 -51.9278 150 -100 15 -0 3.14159
80.6801 -55.3896 150 -100 15 -0 3.14159
80.8449 -58.8515 150 -100 15 -0 3.14159
81.0098 -62.3133 150 -100 15 -0 3.14159
81.1746 -65.7752 150 -100 15 -0 3.14159
81.3395 -69.237 150 -100 15 -0 3.14159
81.5043 -72.6989 150 -100 15 -0 3.14159
81.6692 -76.1607 150 -100 15 -0 3.14159
81.834 -79.6226 150 -100 15 -0 3.14159
81.9989 -83.0844 150 -100 15 -0 3.14159
82.1637 -86.5463 150 -100 15 -0 3.14159
82.3286 -90.0081 150 -100 15 -0 3.14159
82.4934 -93.47 150 -100 15 -0 3.14159
82.6583 -96.9319 150 -100 15 -0 3.14159
82.8231 -100.394 150 -100 15 -0 3.14159
82.988 -103.856 150 -100 15 -0 3.14159
83.1528 -107.317 150 -100 15 -0 3.14159
83.3177 -110.779 150 -100 15 -0 3.18584
83.5072 -110.779 150 -100 15 -0 3.18584
83.6967 -114.752 149.824 -100 15 -0 3.27441
83.8862 -118.681 149.299 -100 15 -0 3.36323
84.0757 -122.523 148.433 -100 15 -0 3.45248
84.2652 -126.238 147.24 -100 15 -0 3.54234
84.4547 -129.786 145.737 -100 15 -0 3.633
84.6442 -133.129 143.947 -100 15 -0 3.7247
84.8337 -136.234 141.899 -100 15 -0 3.81766
85.0232 -139.072 139.623 -100 15 -0 3.91216
85.2127 -141.614 137.155 -100 15 -0 4.00851
85.4022 -143.841 134.531 -100 15 -0 4.10709
85.5917 -145.736 131.793 -100 15 -0 4.20831
85.7813 -147.286 128.983 -100 15 -0 4.31266
85.9708 -148.486 126.143 -100 15 -0 4.42074
86.1603 -149.335 123.317 -100 15 -0 4.53325
86.3498 -149.836 120.548 -100 15 -0 4.65099
86.5393 -150 117.879 -100 15 -0 4.71239
86.8644 -150 117.879 -100 15 -0 4.71239
87.1895 -150 113.409 -100 15 -0 4.71239
87.5147 -150 108.939 -100 15 -0 4.71239
87.8398 -150 104.47 -100 15 -0 4.71239
88.1649 -150 100 -100 15 -0 4.71239
88.3922 -150 100 -100 15 -0 4.71239
88.6195 -150 96.875 -100 15 -0 4.71239
88.8468 -150 93.75 -100 15 -0 4.71239
89.0741 -150 90.625 -100 15 -0 4.71239
89.3015 -150 87.5 -100 15 -0 4.71239
89.5288 -150 84.375 -100 15 -0 4.71239
89.7561 -150 81.25 -100 15 -0 4.71239
89.9834 -150 78.125 -100 15 -0 4.71239
90.2107 -150 75 -100 15 -0 4.71239
90.438 -150 71.875 -100 15 -0 4.71239
90.6653 -150 68.75 -100 15 -0 4.71239
90.8926 -150 65.625 -100 15 -0 4.71239
91.1199 -150 62.5 -100 15 -0 4.71239
91.3472 -150 59.375 -100 15 -0 4.71239
91.5746 -150 56.25 -100 15 -0 4.71239
91.8019 -150 53.125 -100 15 -0 4.71239
92.0292 -150 50 -100 15 -0 4.71239
92.2565 -150 50 -100 15 -0 4.71239
92.4838 -150 46.875 -100 15 -0 4.71239
92.7111 -150 43.75 -100 15 -0 4.71239
92.9384 -150 40.625 -100 15 -0 4.71239
93.1657 -150 37.5 -100 15 -0 4.71239
93.393 -150 34.375 -100 15 -0 4.71239
93.6204 -150 31.25 -100 15 -0 4.71239
93.8477 -150 28.125 -100 15 -0 4.71239
94.075 -150 25 -100 15 -0 4.71239
94.3023 -150 21.875 -100 15 -0 4.71239
94.5296 -150 18.75 -100 15 -0 4.71239
94.7569 -150 15.625 -100 15 -0 4.71239
94.9842 -150 12.5 -100 15 -0 4.71239
95.2115 -150 9.375 -100 15 -0 4.71239
95.4388 -150 6.25 -100 15 -0 4.71239
95.6661 -150 3.125 -100 15 -0 4.71239
95.8935 -150 0 -100 15 -0 4.71239
96.1208 -150 0 -100 15 -0 4.71239
96.3481 -150 -3.125 -100 15 -0 4.71239
96.5754 -150 -6.25 -100 15 -0 4.71239
96.8027 -150 -9.375 -100 15 -0 4.71239
97.03 -150 -12.5 -100 15 -0 4.71239
97.2573 -150 -15.625 -100 15 -0 4.71239
97.4846 -150 -18.75 -100 15 -0 4.71239
97.7119 -150 -21.875 -100 15 -0 4.71239
97.9392 -150 -25 -100 15 -0 4.71239
98.1666 -150 -28.125 -100 15 -0 4.71239
98.3939 -150 -31.25 -100 15 -0 4.71239
98.6212 -150 -34.375 -100 15 -0 4.71239
98.8485 -150 -37.5 -100 15 -0 4.71239
99.0758 -150 -40.625 -100 15 -0 4.71239
99.3031 -150 -43.75 -100 15 -0 4.71239
99.5304 -150 -46.875 -100 15 -0 4.71239
99.7577 -150 -50 -100 15 -0 4.71239
99.985 -150 -50 -100 15 -0 4.71239
100.212 -150 -53.125 -100 15 -0 4.71239
100.44 -150 -56.25 -100 15 -0 4.71239
100.667 -150 -59.375 -100 15 -0 4.71239
100.894 -150 -62.5 -100 15 -0 4.71239
101.122 -150 -65.625 -100 15 -0 4.71239
101.349 -150 -68.75 -100 15 -0 4.71239
101.576 -150 -71.875 -100 15 -0 4.71239
101.804 -150 -75 -100 15 -0 4.71239
102.031 -150 -78.125 -100 15 -0 4.71239
102.258 -150 -81.25 -100 15 -0 4.71239
102.485 -150 -84.375 -100 15 -0 4.71239
102.713 -150 -87.5 -100 15 -0 4.71239
102.94 -150 -90.625 -100 15 -0 4.71239
103.167 -150 -93.75 -100 15 -0 4.71239
103.395 -150 -96.875 -100 15 -0 4.71239
103.622 -150 -100 -100 15 -0 4.71239
103.951 -150 -100 -100 15 -0 4.71239
104.281 -150 -104.529 -100 15 -0 4.71239
104.61 -150 -109.058 -100 15 -0 4.71239
104.94 -150 -113.588 -100 15 -0 4.71239
105.269 -150 -118.117 -100 15 -0 4.71239
105.599 -150 -122.646 -100 15 -0 4.71239
105.928 -150 -127.175 -100 15 -0 4.71239
106.258 -150 -131.705 -100 15 -0 4.71239
106.587 -150 -136.234 -100 15 -0 4.78563
106.809 -150 -136.234 -100 15 -0 4.78563
107.03 -149.784 -139.174 -100 15 -0 4.94068
107.474 -149.16 -141.861 -100 15 -0 5.19516
107.917 -146.858 -146.252 -100 15 -0 5.58862
108.36 -143.508 -149.043 -100 15 -0 6.04241
108.804 -139.611 -150 -100 15 -0 0
109.288 -139.611 -150 -100 15 -0 0
109.773 -135.248 -150 -100 15 -0 0
110.258 -130.885 -150 -100 15 -0 0
110.743 -126.523 -150 -100 15 -0 0
111.227 -122.16 -150 -100 15 -0 0
111.712 -117.797 -150 -100 15 -0 0
112.197 -113.434 -150 -100 15 -0 0
112.682 -109.071 -150 -100 15 -0 0
113.166 -104.708 -150 -100 15 -0 0
113.651 -100.345 -150 -100 15 -0 0
114.136 -95.9826 -150 -100 15 -0 0
114.621 -91.6198 -150 -100 15 -0 0
115.105 -87.2569 -150 -100 15 -0 0
115.59 -82.8941 -150 -100 15 -0 0
116.075 -78.5312 -150 -100 15 -0 0
116.56 -74.1684 -150 -100 15 -0 0
117.045 -69.8055 -150 -100 15 -0 0
117.529 -65.4427 -150 -100 15 -0 0
118.014 -61.0798 -150 -100 15 -0 0
118.499 -56.717 -150 -100 15 -0 0
118.984 -52.3541 -150 -100 15 -0 0
119.468 -47.9913 -150 -100 15 -0 0
119.953 -43.6285 -150 -100 15 -0 0
120.438 -39.2656 -150 -100 15 -0 0
120.923 -34.9028 -150 -100 15 -0 0
121.407 -30.5399 -150 -100 15 -0 0
121.892 -26.1771 -150 -100 15 -0 0
122.377 -21.8142 -150 -100 15 -0 0
122.862 -17.4514 -150 -100 15 -0 0
123.346 -13.0885 -150 -100 15 -0 0
123.831 -8.72569 -150 -100 15 -0 0
124.316 -4.36285 -150 -100 15 -0 0
