time x y z V_A gamma chi
0 -462.5 -500 -30 15 -0 0
0.227809 -462.5 -500 -30 15 -0 0
0.455617 -457.716 -500 -30 15 -0 0
0.683426 -452.932 -500 -30 15 -0 0
0.911234 -448.148 -500 -30 15 -0 0
1.13904 -443.364 -500 -30 15 -0 6.23449
1.3476 -443.364 -500 -30 15 -0 6.23449
1.55616 -438.994 -500.213 -30 15 -0 6.137
1.76472 -434.682 -500.848 -30 15 -0 6.03917
1.97328 -430.484 -501.893 -30 15 -0 5.94077
2.18184 -426.456 -503.329 -30 15 -0 5.84155
2.39039 -422.649 -505.129 -30 15 -0 5.74124
2.59895 -419.111 -507.259 -30 15 -0 5.63952
2.80751 -415.883 -509.681 -30 15 -0 5.53605
3.01607 -413.002 -512.349 -30 15 -0 5.48336
3.1579 -413.002 -512.349 -30 15 -0 5.48336
3.29973 -411.169 -514.236 -30 15 -0 5.48336
3.44156 -409.336 -516.123 -30 15 -0 5.48336
3.58339 -407.502 -518.01 -30 15 -0 5.48336
3.72522 -405.669 -519.897 -30 15 -0 5.48336
3.86705 -403.835 -521.784 -30 15 -0 5.48336
4.00888 -402.002 -523.671 -30 15 -0 5.48336
4.15071 -400.169 -525.558 -30 15 -0 5.48336
4.29254 -398.335 -527.445 -30 15 -0 5.48336
4.43437 -396.502 -529.332 -30 15 -0 5.48336
4.5762 -394.669 -531.219 -30 15 -0 5.48336
4.71803 -392.835 -533.106 -30 15 -0 5.48336
4.85986 -391.002 -534.993 -30 15 -0 5.48336
5.00169 -389.168 -536.881 -30 15 -0 5.48336
5.14352 -387.335 -538.768 -30 15 -0 5.48336
5.28535 -385.502 -540.655 -30 15 -0 5.48336
5.42718 -383.668 -542.542 -30 15 -0 5.48336
5.56901 -381.835 -544.429 -30 15 -0 5.48336
5.71084 -380.002 -546.316 -30 15 -0 5.48336
5.85267 -378.168 -548.203 -30 15 -0 5.48336
5.9945 -376.335 -550.09 -30 15 -0 5.48336
6.13633 -374.501 -551.977 -30 15 -0 5.48336
6.27816 -372.668 -553.864 -30 15 -0 5.48336
6.41999 -370.835 -555.751 -30 15 -0 5.48336
6.56182 -369.001 -557.638 -30 15 -0 5.48336
6.70365 -367.168 -559.525 -30 15 -0 5.48336
6.84548 -365.335 -561.412 -30 15 -0 5.48336
6.98731 -363.501 -563.299 -30 15 -0 5.48336
7.12914 -361.668 -565.186 -30 15 -0 5.48336
7.27097 -359.834 -567.073 -30 15 -0 5.48336
7.4128 -358.001 -568.96 -30 15 -0 5.48336
7.55463 -356.168 -570.847 -30 15 -0 5.48336
7.69646 -354.334 -572.734 -30 15 -0 5.48336
7.96128 -354.334 -572.734 -30 15 -0 5.48336
8.2261 -350.911 -576.258 -30 15 -0 5.48336
8.49092 -347.488 -579.781 -30 15 -0 5.48336
8.75574 -344.065 -583.305 -30 15 -0 5.48336
9.02055 -340.641 -586.828 -30 15 -0 5.48336
9.28537 -337.218 -590.351 -30 15 -0 5.48336
9.55019 -333.795 -593.875 -30 15 -0 5.48336
9.81501 -330.372 -597.398 -30 15 -0 5.48336
10.0798 -326.949 -600.922 -30 15 -0 5.48336
10.3447 -323.525 -604.445 -30 15 -0 5.48336
10.6095 -320.102 -607.969 -30 15 -0 5.48336
10.8743 -316.679 -611.492 -30 15 -0 5.48336
11.1391 -313.256 -615.015 -30 15 -0 5.48336
11.4039 -309.833 -618.539 -30 15 -0 5.48336
11.6687 -306.409 -622.062 -30 15 -0 5.48336
11.9336 -302.986 -625.586 -30 15 -0 5.48336
12.1984 -299.563 -629.109 -30 15 -0 5.44815
12.3373 -299.563 -629.109 -30 15 -0 5.44815
12.4761 -297.853 -630.998 -30 15 -0 5.37669
12.7539 -296.318 -632.959 -30 15 -0 5.26737
13.0317 -293.794 -637.03 -30 15 -0 5.1157
13.3094 -292.019 -641.189 -30 15 -0 4.95605
13.5872 -290.997 -645.3 -30 15 -0 4.78614
13.8649 -290.707 -649.226 -30 15 -0 4.60313
14.1427 -291.103 -652.839 -30 15 -0 4.40355
14.4205 -292.118 -656.021 -30 15 -0 4.18357
14.6982 -293.664 -658.665 -30 15 -0 4.06417
14.9747 -293.664 -658.665 -30 15 -0 4.06417
15.2511 -295.432 -661 -30 15 -0 4.06417
15.5276 -297.2 -663.335 -30 15 -0 4.06417
15.8041 -298.969 -665.67 -30 15 -0 4.06417
16.0805 -300.737 -668.004 -30 15 -0 4.06417
16.357 -302.506 -670.339 -30 15 -0 4.06417
16.6334 -304.274 -672.674 -30 15 -0 4.06417
16.9099 -306.042 -675.009 -30 15 -0 4.06417
17.1863 -307.811 -677.344 -30 15 -0 4.06417
17.5538 -307.811 -677.344 -30 15 -0 4.06417
17.9213 -310.161 -680.447 -30 15 -0 4.06417
18.2888 -312.512 -683.551 -30 15 -0 4.06417
18.6562 -314.862 -686.654 -30 15 -0 4.06417
19.0237 -317.213 -689.758 -30 15 -0 4.06417
19.3912 -319.564 -692.861 -30 15 -0 4.06417
19.7587 -321.914 -695.965 -30 15 -0 4.06417
20.1262 -324.265 -699.068 -30 15 -0 4.06417
20.4936 -326.615 -702.172 -30 15 -0 3.89872
20.8605 -326.615 -702.172 -30 15 -0 3.89872
21.2273 -329.288 -704.697 -30 15 -0 3.53373
21.5942 -332.421 -705.993 -30 15 -0 3.13903
21.961 -335.71 -705.985 -30 15 -0 2.74455
22.3278 -338.839 -704.673 -30 15 -0 2.55811
22.5964 -338.839 -704.673 -30 15 -0 2.55811
22.865 -340.996 -703.249 -30 15 -0 2.55811
23.1335 -343.153 -701.825 -30 15 -0 2.55811
23.4021 -345.31 -700.401 -30 15 -0 2.55811
23.6706 -347.467 -698.977 -30 15 -0 2.55811
23.9392 -349.624 -697.553 -30 15 -0 2.55811
24.2077 -351.781 -696.129 -30 15 -0 2.55811
24.4763 -353.938 -694.705 -30 15 -0 2.55811
24.7449 -356.095 -693.281 -30 15 -0 2.55811
25.1185 -356.095 -693.281 -30 15 -0 2.55811
25.4922 -359.096 -691.3 -30 15 -0 2.55811
25.8658 -362.097 -689.319 -30 15 -0 2.55811
26.2395 -365.098 -687.338 -30 15 -0 2.55811
26.6131 -368.099 -685.357 -30 15 -0 2.55811
26.9868 -371.1 -683.375 -30 15 -0 2.55811
27.3604 -374.101 -681.394 -30 15 -0 2.55811
27.7341 -377.102 -679.413 -30 15 -0 2.55811
28.1077 -380.103 -677.432 -30 15 -0 2.54161
28.141 -380.103 -677.432 -30 15 -0 2.54161
28.1743 -380.368 -677.251 -30 15 -0 2.52521
28.6624 -380.368 -677.251 -30 15 -0 2.52521
29.1505 -384.231 -674.514 -30 15 -0 2.52521
29.6386 -388.093 -671.778 -30 15 -0 2.52521
30.1267 -391.955 -669.042 -30 15 -0 2.52521
30.6148 -395.818 -666.305 -30 15 -0 2.52521
31.1029 -399.68 -663.569 -30 15 -0 2.52521
31.591 -403.543 -660.832 -30 15 -0 2.52521
32.0791 -407.405 -658.096 -30 15 -0 2.52521
32.5672 -411.267 -655.36 -30 15 -0 2.52521
33.0553 -415.13 -652.623 -30 15 -0 2.52521
33.5434 -418.992 -649.887 -30 15 -0 2.52521
34.0315 -422.854 -647.151 -30 15 -0 2.52521
34.5196 -426.717 -644.414 -30 15 -0 2.52521
35.0077 -430.579 -641.678 -30 15 -0 2.52521
35.4958 -434.442 -638.942 -30 15 -0 2.52521
35.9839 -438.304 -636.205 -30 15 -0 2.52521
36.472 -442.166 -633.469 -30 15 -0 2.52521
36.9601 -446.029 -630.733 -30 15 -0 2.52521
37.4482 -449.891 -627.996 -30 15 -0 2.52521
37.9364 -453.754 -625.26 -30 15 -0 2.52521
38.4245 -457.616 -622.524 -30 15 -0 2.52521
38.9126 -461.478 -619.787 -30 15 -0 2.52521
39.4007 -465.341 -617.051 -30 15 -0 2.52521
39.8888 -469.203 -614.315 -30 15 -0 2.52521
40.3769 -473.065 -611.578 -30 15 -0 2.52521
40.865 -476.928 -608.842 -30 15 -0 2.52521
41.3531 -480.79 -606.106 -30 15 -0 2.52521
41.8412 -484.653 -603.369 -30 15 -0 2.52521
42.3293 -488.515 -600.633 -30 15 -0 2.52521
42.8174 -492.377 -597.897 -30 15 -0 2.52521
43.3055 -496.24 -595.16 -30 15 -0 2.52521
43.7936 -500.102 -592.424 -30 15 -0 2.52521
44.2817 -503.964 -589.688 -30 15 -0 2.52521
44.7165 -503.964 -589.688 -30 15 -0 2.52521
45.1513 -507.405 -587.25 -30 15 -0 2.52521
45.5861 -510.845 -584.813 -30 15 -0 2.52521
46.0208 -514.286 -582.375 -30 15 -0 2.52521
46.4556 -517.726 -579.938 -30 15 -0 2.52521
46.8904 -521.167 -577.501 -30 15 -0 2.52521
47.3252 -524.607 -575.063 -30 15 -0 2.52521
47.7599 -528.047 -572.626 -30 15 -0 2.52521
48.1947 -531.488 -570.188 -30 15 -0 2.52521
48.6295 -534.928 -567.751 -30 15 -0 2.52521
49.0643 -538.369 -565.314 -30 15 -0 2.52521
49.499 -541.809 -562.876 -30 15 -0 2.52521
49.9338 -545.249 -560.439 -30 15 -0 2.52521
50.3686 -548.69 -558.001 -30 15 -0 2.52521
50.8034 -552.13 -555.564 -30 15 -0 2.52521
51.2382 -555.571 -553.127 -30 15 -0 2.52521
51.6729 -559.011 -550.689 -30 15 -0 2.52521
52.1077 -562.451 -548.252 -30 15 -0 2.52521
52.5425 -565.892 -545.815 -30 15 -0 2.52521
52.9773 -569.332 -543.377 -30 15 -0 2.52521
53.412 -572.773 -540.94 -30 15 -0 2.52521
53.8468 -576.213 -538.502 -30 15 -0 2.52521
54.2816 -579.653 -536.065 -30 15 -0 2.52521
54.7164 -583.094 -533.628 -30 15 -0 2.52521
55.1512 -586.534 -531.19 -30 15 -0 2.52521
55.5859 -589.975 -528.753 -30 15 -0 2.52521
56.0207 -593.415 -526.315 -30 15 -0 2.52521
56.4555 -596.855 -523.878 -30 15 -0 2.52521
56.8903 -600.296 -521.441 -30 15 -0 2.52521
57.325 -603.736 -519.003 -30 15 -0 2.52521
57.7598 -607.177 -516.566 -30 15 -0 2.52521
58.1946 -610.617 -514.128 -30 15 -0 2.52521
58.6294 -614.057 -511.691 -30 15 -0 2.38574
58.9184 -614.057 -511.691 -30 15 -0 2.38574
59.2073 -616.168 -509.702 -30 15 -0 2.12831
59.4963 -617.836 -507.026 -30 15 -0 1.89701
59.7853 -618.941 -503.759 -30 15 -0 1.68814
60.0743 -619.382 -500.017 -30 15 -0 1.49738
60.3633 -619.082 -495.933 -30 15 -0 1.32082
60.6523 -617.989 -491.652 -30 15 -0 1.15526
60.7968 -616.081 -487.328 -30 15 -0 1.0371
60.9412 -614.822 -485.197 -30 15 -0 0.960297
61.0857 -613.363 -483.113 -30 15 -0 0.922578
61.3135 -613.363 -483.113 -30 15 -0 0.922578
61.5413 -610.91 -479.873 -30 15 -0 0.922578
61.769 -608.457 -476.634 -30 15 -0 0.922578
61.9968 -606.004 -473.395 -30 15 -0 0.922578
62.2246 -603.55 -470.156 -30 15 -0 0.922578
62.4098 -603.55 -470.156 -30 15 -0 0.922578
62.595 -601.555 -467.522 -30 15 -0 0.922578
62.7803 -599.56 -464.888 -30 15 -0 0.922578
62.9655 -597.565 -462.253 -30 15 -0 0.922578
63.1507 -595.57 -459.619 -30 15 -0 0.922578
63.336 -593.574 -456.985 -30 15 -0 0.922578
63.5212 -591.579 -454.351 -30 15 -0 0.922578
63.7065 -589.584 -451.716 -30 15 -0 0.922578
63.8917 -587.589 -449.082 -30 15 -0 0.877481
64.0652 -587.589 -449.082 -30 15 -0 0.877481
64.2388 -585.582 -446.666 -30 15 -0 0.788956
64.4123 -583.307 -444.376 -30 15 -0 0.702041
64.5859 -580.781 -442.239 -30 15 -0 0.616488
64.7594 -578.022 -440.284 -30 15 -0 0.532077
64.933 -575.054 -438.537 -30 15 -0 0.448614
65.1065 -571.9 -437.018 -30 15 -0 0.365922
65.2801 -568.587 -435.749 -30 15 -0 0.283842
65.4536 -565.146 -434.745 -30 15 -0 0.243022
65.6489 -565.146 -434.745 -30 15 -0 0.243022
65.8442 -561.212 -433.77 -30 15 -0 0.243022
66.0395 -557.278 -432.795 -30 15 -0 0.243022
66.2347 -553.344 -431.819 -30 15 -0 0.243022
66.43 -549.41 -430.844 -30 15 -0 0.243022
66.6253 -545.476 -429.869 -30 15 -0 0.243022
66.8206 -541.543 -428.893 -30 15 -0 0.243022
67.0159 -537.609 -427.918 -30 15 -0 0.243022
67.2112 -533.675 -426.943 -30 15 -0 0.243022
67.4064 -529.741 -425.968 -30 15 -0 0.243022
67.6017 -525.807 -424.992 -30 15 -0 0.243022
67.797 -521.873 -424.017 -30 15 -0 0.243022
67.9923 -517.939 -423.042 -30 15 -0 0.243022
68.1876 -514.006 -422.066 -30 15 -0 0.243022
68.3829 -510.072 -421.091 -30 15 -0 0.243022
68.5782 -506.138 -420.116 -30 15 -0 0.243022
68.7734 -502.204 -419.141 -30 15 -0 0.243022
68.9966 -502.204 -419.141 -30 15 -0 0.243022
69.2197 -497.709 -418.026 -30 15 -0 0.243022
69.4429 -493.214 -416.912 -30 15 -0 0.243022
69.6661 -488.718 -415.797 -30 15 -0 0.243022
69.8892 -484.223 -414.683 -30 15 -0 0.243022
70.1124 -479.728 -413.568 -30 15 -0 0.243022
70.3355 -475.233 -412.454 -30 15 -0 0.243022
70.5587 -470.737 -411.339 -30 15 -0 0.243022
70.7818 -466.242 -410.225 -30 15 -0 0.243022
71.005 -461.747 -409.11 -30 15 -0 0.243022
71.2281 -457.252 -407.996 -30 15 -0 0.243022
71.4513 -452.756 -406.881 -30 15 -0 0.243022
71.6744 -448.261 -405.767 -30 15 -0 0.243022
71.8976 -443.766 -404.652 -30 15 -0 0.243022
72.1207 -439.271 -403.538 -30 15 -0 0.243022
72.3439 -434.775 -402.424 -30 15 -0 0.243022
72.5671 -430.28 -401.309 -30 15 -0 0.212508
72.6969 -430.28 -401.309 -30 15 -0 0.212508
72.8266 -427.64 -400.739 -30 15 -0 0.151656
72.9564 -424.959 -400.33 -30 15 -0 0.0909401
73.0862 -422.249 -400.083 -30 15 -0 0.0303044
73.216 -419.526 -400 -30 15 -0 0
73.4485 -419.526 -400 -30 15 -0 0
73.6809 -414.644 -400 -30 15 -0 0
73.9134 -409.763 -400 -30 15 -0 0
74.1458 -404.881 -400 -30 15 -0 0
74.3783 -400 -400 -30 15 -0 0
74.5182 -400 -400 -30 15 -0 0
74.6581 -397.062 -400 -30 15 -0 0
74.798 -394.124 -400 -30 15 -0 0
74.9379 -391.186 -400 -30 15 -0 0
75.0778 -388.248 -400 -30 15 -0 0
75.2177 -385.311 -400 -30 15 -0 0
75.3576 -382.373 -400 -30 15 -0 0
75.4975 -379.435 -400 -30 15 -0 0
75.6374 -376.497 -400 -30 15 -0 6.24991
75.7799 -376.497 -400 -30 15 -0 6.24991
75.9224 -373.507 -400.1 -30 15 -0 6.21662
76.1419 -373.507 -400.1 -30 15 -0 6.21662
76.3613 -368.913 -400.406 -30 15 -0 6.21662
76.5808 -364.319 -400.712 -30 15 -0 6.21662
76.8002 -359.724 -401.018 -30 15 -0 6.21662
77.0197 -355.13 -401.325 -30 15 -0 6.21662
77.2391 -350.536 -401.631 -30 15 -0 6.21662
77.4586 -345.942 -401.937 -30 15 -0 6.21662
77.678 -341.348 -402.243 -30 15 -0 6.21662
77.8975 -336.754 -402.55 -30 15 -0 6.21662
78.1169 -332.159 -402.856 -30 15 -0 6.21662
78.3364 -327.565 -403.162 -30 15 -0 6.21662
78.5558 -322.971 -403.469 -30 15 -0 6.21662
78.7753 -318.377 -403.775 -30 15 -0 6.21662
78.9947 -313.783 -404.081 -30 15 -0 6.21662
79.2142 -309.188 -404.387 -30 15 -0 6.21662
79.4336 -304.594 -404.694 -30 15 -0 6.21662
79.6531 -300 -405 -30 15 -0 6.21662
79.8725 -300 -405 -30 15 -0 6.21662
80.092 -295.406 -405.306 -30 15 -0 6.21662
80.3114 -290.812 -405.613 -30 15 -0 6.21662
80.5309 -286.217 -405.919 -30 15 -0 6.21662
80.7503 -281.623 -406.225 -30 15 -0 6.21662
80.9698 -277.029 -406.531 -30 15 -0 6.21662
81.1893 -272.435 -406.838 -30 15 -0 6.21662
81.4087 -267.841 -407.144 -30 15 -0 6.21662
81.6282 -263.246 -407.45 -30 15 -0 6.21662
81.8476 -258.652 -407.757 -30 15 -0 6.21662
82.0671 -254.058 -408.063 -30 15 -0 6.21662
82.2865 -249.464 -408.369 -30 15 -0 6.21662
82.506 -244.87 -408.675 -30 15 -0 6.21662
82.7254 -240.276 -408.982 -30 15 -0 6.21662
82.9449 -235.681 -409.288 -30 15 -0 6.21662
83.1643 -231.087 -409.594 -30 15 -0 6.21662
83.3838 -226.493 -409.9 -30 15 -0 6.24991
83.5263 -226.493 -409.9 -30 15 -0 6.24991
83.6688 -223.503 -410 -30 15 -0 0
83.8087 -223.503 -410 -30 15 -0 0
83.9486 -220.565 -410 -30 15 -0 0
84.0885 -217.627 -410 -30 15 -0 0
84.2284 -214.689 -410 -30 15 -0 0
84.3683 -211.752 -410 -30 15 -0 0
84.5082 -208.814 -410 -30 15 -0 0
84.6481 -205.876 -410 -30 15 -0 0
84.788 -202.938 -410 -30 15 -0 0
84.9279 -200 -410 -30 15 -0 0
85.0552 -200 -410 -30 15 -0 0
85.1825 -197.326 -410 -30 15 -0 0
85.3098 -194.653 -410 -30 15 -0 0
85.4371 -191.979 -410 -30 15 -0 0
85.5645 -189.306 -410 -30 15 -0 0
85.6918 -186.632 -410 -30 15 -0 0
85.8191 -183.959 -410 -30 15 -0 0
85.9464 -181.285 -410 -30 15 -0 0
86.0737 -178.612 -410 -30 15 0.0309474 0.0403559
86.2466 -178.612 -410 -30 15 0.0309474 0.0403559
86.4194 -174.987 -409.854 -30.1123 15 0.126564 0.121131
86.5923 -171.396 -409.416 -30.5726 15 0.155578 0.16051
86.7592 -171.396 -409.416 -30.5726 15 0.155578 0.16051
86.9262 -168.01 -408.868 -31.1106 15 0.155578 0.16051
87.0932 -164.625 -408.32 -31.6485 15 0.155578 0.16051
87.2601 -161.239 -407.772 -32.1864 15 0.155578 0.16051
87.4271 -157.854 -407.224 -32.7244 15 0.155578 0.16051
87.594 -154.468 -406.676 -33.2623 15 0.155578 0.16051
87.761 -151.082 -406.128 -33.8002 15 0.155578 0.16051
87.928 -147.697 -405.58 -34.3381 15 0.155578 0.16051
88.0949 -144.311 -405.031 -34.8761 15 0.155578 0.16051
88.2619 -140.926 -404.483 -35.414 15 0.155578 0.16051
88.4289 -137.54 -403.935 -35.9519 15 0.155578 0.16051
88.5958 -134.155 -403.387 -36.4898 15 0.155578 0.16051
88.7628 -130.769 -402.839 -37.0278 15 0.155578 0.16051
88.9298 -127.383 -402.291 -37.5657 15 0.155578 0.16051
89.0967 -123.998 -401.743 -38.1036 15 0.155578 0.16051
89.2637 -120.612 -401.194 -38.6416 15 0.155578 0.16051
89.4306 -117.227 -400.646 -39.1795 15 0.155578 0.16051
89.5976 -113.841 -400.098 -39.7174 15 0.155578 0.16051
89.7646 -110.456 -399.55 -40.2553 15 0.155578 0.16051
89.9315 -107.07 -399.002 -40.7933 15 0.155578 0.16051
90.0985 -103.684 -398.454 -41.3312 15 0.155578 0.16051
90.2655 -100.299 -397.906 -41.8691 15 0.155578 0.16051
90.4324 -96.9132 -397.358 -42.407 15 0.155578 0.16051
90.5994 -93.5276 -396.809 -42.945 15 0.155578 0.16051
90.7664 -90.142 -396.261 -43.4829 15 0.155578 0.16051
90.9333 -86.7565 -395.713 -44.0208 15 0.155578 0.16051
91.1003 -83.3709 -395.165 -44.5588 15 0.155578 0.16051
91.2672 -79.9853 -394.617 -45.0967 15 0.155578 0.16051
91.4342 -76.5997 -394.069 -45.6346 15 0.155578 0.16051
91.6012 -73.2142 -393.521 -46.1725 15 0.155578 0.16051
91.7681 -69.8286 -392.972 -46.7105 15 0.155578 0.16051
91.9351 -66.443 -392.424 -47.2484 15 0.155578 0.16051
92.1021 -63.0574 -391.876 -47.7863 15 0.155578 0.16051
92.269 -59.6718 -391.328 -48.3243 15 0.155578 0.16051
92.436 -56.2863 -390.78 -48.8622 15 0.155578 0.16051
92.603 -52.9007 -390.232 -49.4001 15 0.155578 0.16051
92.7699 -49.5151 -389.684 -49.938 15 0.155578 0.16051
92.9369 -46.1295 -389.136 -50.476 15 0.155578 0.16051
93.1038 -42.744 -388.587 -51.0139 15 0.155578 0.16051
93.2708 -39.3584 -388.039 -51.5518 15 0.155578 0.16051
93.4378 -35.9728 -387.491 -52.0897 15 0.155578 0.16051
93.6047 -32.5872 -386.943 -52.6277 15 0.155578 0.16051
93.7717 -29.2016 -386.395 -53.1656 15 0.155578 0.16051
93.9387 -25.8161 -385.847 -53.7035 15 0.155578 0.16051
94.1056 -22.4305 -385.299 -54.2415 15 0.155578 0.16051
94.2726 -19.0449 -384.75 -54.7794 15 0.155578 0.16051
94.4396 -15.6593 -384.202 -55.3173 15 0.155578 0.16051
94.6065 -12.2738 -383.654 -55.8552 15 0.155578 0.16051
94.7735 -8.88818 -383.106 -56.3932 15 0.155578 0.16051
94.9404 -5.5026 -382.558 -56.9311 15 0.155578 0.16051
95.1074 -2.11702 -382.01 -57.469 15 0.155578 0.16051
95.2744 1.26855 -381.462 -58.0069 15 0.155578 0.16051
95.4413 4.65413 -380.914 -58.5449 15 0.155578 0.16051
95.6083 8.03971 -380.365 -59.0828 15 0.155578 0.16051
95.7753 11.4253 -379.817 -59.6207 15 0.155578 0.16051
95.9422 14.8109 -379.269 -60.1587 15 0.155578 0.16051
96.1092 18.1964 -378.721 -60.6966 15 0.155578 0.16051
96.2762 21.582 -378.173 -61.2345 15 0.155578 0.16051
96.4431 24.9676 -377.625 -61.7724 15 0.155578 0.16051
96.6101 28.3532 -377.077 -62.3104 15 0.155578 0.16051
96.777 31.7388 -376.528 -62.8483 15 0.155578 0.16051
96.944 35.1243 -375.98 -63.3862 15 0.155578 0.16051
97.111 38.5099 -375.432 -63.9241 15 0.155578 0.16051
97.2779 41.8955 -374.884 -64.4621 15 0.155578 0.16051
97.4449 45.2811 -374.336 -65 15 0.155578 0.16051
97.6029 45.2811 -374.336 -65 15 0.155578 0.16051
97.761 48.4857 -373.817 -65.5092 15 0.155578 0.16051
97.919 51.6903 -373.298 -66.0184 15 0.155578 0.16051
98.0771 54.8949 -372.779 -66.5275 15 0.155578 0.16051
98.2351 58.0996 -372.261 -67.0367 15 0.155578 0.16051
98.3931 61.3042 -371.742 -67.5459 15 0.155578 0.16051
98.5512 64.5088 -371.223 -68.0551 15 0.155578 0.16051
98.7092 67.7134 -370.704 -68.5642 15 0.155578 0.16051
98.8673 70.918 -370.185 -69.0734 15 0.155578 0.16051
99.0253 74.1227 -369.666 -69.5826 15 0.155578 0.16051
99.1833 77.3273 -369.148 -70.0918 15 0.155578 0.16051
99.3414 80.5319 -368.629 -70.6009 15 0.155578 0.16051
99.4994 83.7365 -368.11 -71.1101 15 0.155578 0.16051
99.6575 86.9412 -367.591 -71.6193 15 0.155578 0.16051
99.8155 90.1458 -367.072 -72.1285 15 0.155578 0.16051
99.9735 93.3504 -366.553 -72.6376 15 0.155578 0.16051
100.132 96.555 -366.035 -73.1468 15 0.155578 0.16051
100.29 99.7596 -365.516 -73.656 15 0.155578 0.16051
100.448 102.964 -364.997 -74.1652 15 0.155578 0.16051
100.606 106.169 -364.478 -74.6743 15 0.155578 0.16051
100.764 109.374 -363.959 -75.1835 15 0.155578 0.16051
100.922 112.578 -363.44 -75.6927 15 0.155578 0.16051
101.08 115.783 -362.922 -76.2019 15 0.155578 0.16051
101.238 118.987 -362.403 -76.711 15 0.155578 0.16051
101.396 122.192 -361.884 -77.2202 15 0.155578 0.16051
101.554 125.397 -361.365 -77.7294 15 0.155578 0.16051
101.712 128.601 -360.846 -78.2386 15 0.155578 0.16051
101.87 131.806 -360.327 -78.7477 15 0.155578 0.16051
102.028 135.01 -359.809 -79.2569 15 0.155578 0.16051
102.186 138.215 -359.29 -79.7661 15 0.155578 0.16051
102.344 141.42 -358.771 -80.2753 15 0.155578 0.16051
102.502 144.624 -358.252 -80.7844 15 0.155578 0.16051
102.66 147.829 -357.733 -81.2936 15 0.155578 0.16051
102.818 151.034 -357.214 -81.8028 15 0.155578 0.16051
102.976 154.238 -356.695 -82.312 15 0.155578 0.16051
103.134 157.443 -356.177 -82.8212 15 0.155578 0.16051
103.292 160.647 -355.658 -83.3303 15 0.155578 0.16051
103.45 163.852 -355.139 -83.8395 15 0.155578 0.16051
103.608 167.057 -354.62 -84.3487 15 0.155578 0.16051
103.766 170.261 -354.101 -84.8579 15 0.155578 0.16051
103.925 173.466 -353.582 -85.367 15 0.155578 0.16051
104.083 176.671 -353.064 -85.8762 15 0.155578 0.16051
104.241 179.875 -352.545 -86.3854 15 0.155578 0.16051
104.399 183.08 -352.026 -86.8946 15 0.155578 0.16051
104.557 186.284 -351.507 -87.4037 15 0.155578 0.16051
104.715 189.489 -350.988 -87.9129 15 0.155578 0.16051
104.873 192.694 -350.469 -88.4221 15 0.155578 0.16051
105.031 195.898 -349.951 -88.9313 15 0.155578 0.16051
105.189 199.103 -349.432 -89.4404 15 0.155578 0.16051
105.347 202.308 -348.913 -89.9496 15 0.155578 0.16051
105.505 205.512 -348.394 -90.4588 15 0.155578 0.16051
105.663 208.717 -347.875 -90.968 15 0.155578 0.16051
105.821 211.921 -347.356 -91.4771 15 0.155578 0.16051
105.979 215.126 -346.838 -91.9863 15 0.155578 0.16051
106.137 218.331 -346.319 -92.4955 15 0.155578 0.16051
106.295 221.535 -345.8 -93.0047 15 0.155578 0.16051
106.453 224.74 -345.281 -93.5138 15 0.155578 0.16051
106.611 227.945 -344.762 -94.023 15 0.155578 0.16051
106.769 231.149 -344.243 -94.5322 15 0.155578 0.16051
106.927 234.354 -343.725 -95.0414 15 0.155578 0.16051
107.085 237.558 -343.206 -95.5505 15 0.155578 0.16051
107.243 240.763 -342.687 -96.0597 15 0.155578 0.16051
107.401 243.968 -342.168 -96.5689 15 0.155578 0.16051
107.559 247.172 -341.649 -97.0781 15 0.155578 0.16051
107.717 250.377 -341.13 -97.5872 15 0.153517 0.118995
107.896 250.377 -341.13 -97.5872 15 0.153517 0.118995
108.074 254.025 -340.694 -98.1557 15 0.14302 0.0361494
108.253 257.706 -340.561 -98.6862 15 0.1243 6.23655
108.431 261.385 -340.733 -99.1464 15 0.0993882 6.15369
108.61 265.026 -341.207 -99.5125 15 0.0709485 6.07061
108.789 268.595 -341.977 -99.772 15 0.0423901 5.98717
108.967 272.057 -343.033 -99.9255 15 0.0179703 5.90322
109.146 275.379 -344.36 -99.9898 15 0.00290003 5.81859
109.324 278.532 -345.94 -100 15 -0 5.7724
109.474 278.532 -345.94 -100 15 -0 5.7724
109.624 281.141 -347.402 -100 15 -0 5.7724
109.774 283.751 -348.865 -100 15 -0 5.7724
109.924 286.36 -350.327 -100 15 -0 5.7724
110.074 288.969 -351.789 -100 15 -0 5.7724
110.224 291.579 -353.251 -100 15 -0 5.7724
110.374 294.188 -354.714 -100 15 -0 5.7724
110.524 296.797 -356.176 -100 15 -0 5.7724
110.674 299.407 -357.638 -100 15 -0 5.7724
110.824 302.016 -359.1 -100 15 -0 5.7724
110.974 304.625 -360.563 -100 15 -0 5.7724
111.124 307.235 -362.025 -100 15 -0 5.7724
111.274 309.844 -363.487 -100 15 -0 5.7724
111.424 312.453 -364.949 -100 15 -0 5.7724
111.574 315.062 -366.411 -100 15 -0 5.7724
111.724 317.672 -367.874 -100 15 -0 5.7724
111.874 320.281 -369.336 -100 15 -0 5.7724
112.035 320.281 -369.336 -100 15 -0 5.7724
112.196 323.087 -370.908 -100 15 -0 5.7724
112.357 325.892 -372.48 -100 15 -0 5.7724
112.519 328.698 -374.053 -100 15 -0 5.7724
112.68 331.503 -375.625 -100 15 -0 5.7724
112.841 334.309 -377.197 -100 15 -0 5.7724
113.002 337.115 -378.769 -100 15 -0 5.7724
113.164 339.92 -380.342 -100 15 -0 5.7724
113.325 342.726 -381.914 -100 15 -0 5.7724
113.486 345.532 -383.486 -100 15 -0 5.7724
113.647 348.337 -385.058 -100 15 -0 5.7724
113.809 351.143 -386.631 -100 15 -0 5.7724
113.97 353.948 -388.203 -100 15 -0 5.7724
114.131 356.754 -389.775 -100 15 -0 5.7724
114.292 359.56 -391.347 -100 15 -0 5.7724
114.454 362.365 -392.92 -100 15 -0 5.7724
114.615 365.171 -394.492 -100 15 -0 5.805
114.75 365.171 -394.492 -100 15 -0 5.805
114.885 367.581 -395.741 -100 15 -0 5.86973
115.021 370.095 -396.844 -100 15 -0 5.93403
115.156 372.7 -397.793 -100 15 -0 5.99798
115.291 375.382 -398.579 -100 15 -0 6.06165
115.427 378.126 -399.197 -100 15 -0 6.1251
115.562 380.917 -399.642 -100 15 -0 6.18839
115.697 383.74 -399.91 -100 15 -0 6.2516
115.832 386.578 -400 -100 15 -0 0
115.992 386.578 -400 -100 15 -0 0
116.152 389.934 -400 -100 15 -0 0
116.312 393.289 -400 -100 15 -0 0
116.472 396.645 -400 -100 15 -0 0
116.631 400 -400 -100 15 -0 0
116.829 400 -400 -100 15 -0 0
117.027 404.153 -400 -100 15 -0 0.0545216
117.26 404.153 -400 -100 15 -0 0.0545216
117.494 409.044 -399.733 -100 15 -0 0.163721
117.728 413.854 -398.939 -100 15 -0 0.273395
117.961 418.503 -397.635 -100 15 -0 0.383876
118.195 422.916 -395.852 -100 15 -0 0.495528
118.428 427.023 -393.633 -100 15 -0 0.608756
118.662 430.761 -391.027 -100 15 -0 0.72402
118.895 434.075 -388.096 -100 15 -0 0.841864
119.129 436.921 -384.909 -100 15 -0 0.902203
119.329 436.921 -384.909 -100 15 -0 0.902203
119.529 439.15 -382.088 -100 15 -0 0.902203
119.729 441.379 -379.267 -100 15 -0 0.902203
119.929 443.607 -376.445 -100 15 -0 0.902203
120.13 445.836 -373.624 -100 15 -0 0.902203
120.33 448.065 -370.803 -100 15 -0 0.902203
120.53 450.294 -367.981 -100 15 -0 0.902203
120.73 452.522 -365.16 -100 15 -0 0.902203
120.93 454.751 -362.339 -100 15 -0 0.902203
121.13 456.98 -359.518 -100 15 -0 0.902203
121.331 459.208 -356.696 -100 15 -0 0.902203
121.531 461.437 -353.875 -100 15 -0 0.902203
121.731 463.666 -351.054 -100 15 -0 0.902203
121.931 465.894 -348.233 -100 15 -0 0.902203
122.131 468.123 -345.411 -100 15 -0 0.902203
122.332 470.352 -342.59 -100 15 -0 0.902203
122.532 472.581 -339.769 -100 15 -0 0.902203
122.732 474.809 -336.948 -100 15 -0 0.902203
122.932 477.038 -334.126 -100 15 -0 0.902203
123.132 479.267 -331.305 -100 15 -0 0.902203
123.332 481.495 -328.484 -100 15 -0 0.902203
123.533 483.724 -325.663 -100 15 -0 0.902203
123.733 485.953 -322.841 -100 15 -0 0.902203
123.933 488.181 -320.02 -100 15 -0 0.902203
124.133 490.41 -317.199 -100 15 -0 0.902203
124.333 492.639 -314.378 -100 15 -0 0.902203
124.533 494.867 -311.556 -100 15 -0 0.902203
124.734 497.096 -308.735 -100 15 -0 0.902203
124.934 499.325 -305.914 -100 15 -0 0.902203
125.134 501.554 -303.093 -100 15 -0 0.902203
125.334 503.782 -300.271 -100 15 -0 0.902203
125.534 506.011 -297.45 -100 15 -0 0.902203
125.734 508.24 -294.629 -100 15 -0 0.902203
125.923 508.24 -294.629 -100 15 -0 0.902203
126.112 510.341 -291.969 -100 15 -0 0.902203
126.301 512.442 -289.31 -100 15 -0 0.902203
126.489 514.543 -286.65 -100 15 -0 0.902203
126.678 516.644 -283.99 -100 15 -0 0.902203
126.867 518.745 -281.331 -100 15 -0 0.902203
127.055 520.846 -278.671 -100 15 -0 0.902203
127.244 522.947 -276.012 -100 15 -0 0.902203
127.433 525.048 -273.352 -100 15 -0 0.902203
127.622 527.149 -270.692 -100 15 -0 0.902203
127.81 529.25 -268.033 -100 15 -0 0.902203
127.999 531.351 -265.373 -100 15 -0 0.902203
128.188 533.452 -262.713 -100 15 -0 0.902203
128.376 535.553 -260.054 -100 15 -0 0.902203
128.565 537.654 -257.394 -100 15 -0 0.902203
128.754 539.755 -254.734 -100 15 -0 0.902203
128.942 541.856 -252.075 -100 15 -0 0.902203
129.131 543.957 -249.415 -100 15 -0 0.902203
129.32 546.058 -246.756 -100 15 -0 0.902203
129.509 548.159 -244.096 -100 15 -0 0.902203
129.697 550.26 -241.436 -100 15 -0 0.902203
129.886 552.361 -238.777 -100 15 -0 0.902203
130.075 554.462 -236.117 -100 15 -0 0.902203
130.263 556.563 -233.457 -100 15 -0 0.902203
130.452 558.664 -230.798 -100 15 -0 0.902203
130.641 560.765 -228.138 -100 15 -0 0.902203
130.83 562.866 -225.479 -100 15 -0 0.902203
131.018 564.967 -222.819 -100 15 -0 0.902203
131.207 567.068 -220.159 -100 15 -0 0.902203
131.396 569.169 -217.5 -100 15 -0 0.902203
131.584 571.27 -214.84 -100 15 -0 0.902203
131.773 573.371 -212.18 -100 15 -0 0.902203
131.962 575.472 -209.521 -100 15 -0 0.941629
132.114 575.472 -209.521 -100 15 -0 0.941629
132.265 577.055 -207.346 -100 15 -0 1.02194
132.569 578.419 -205.116 -100 15 -0 1.14558
132.872 580.475 -200.576 -100 15 -0 1.31916
133.176 581.631 -196.078 -100 15 -0 1.50486
133.48 581.914 -191.801 -100 15 -0 1.70639
133.783 581.383 -187.91 -100 15 -0 1.92835
134.087 580.131 -184.56 -100 15 -0 2.17574
134.39 578.279 -181.881 -100 15 -0 2.45243
134.694 575.971 -179.98 -100 15 -0 2.60245
135.195 575.971 -179.98 -100 15 -0 2.60245
135.696 571.874 -177.529 -100 15 -0 2.60245
136.197 567.777 -175.078 -100 15 -0 2.60245
136.698 563.68 -172.627 -100 15 -0 2.60245
137.198 559.583 -170.175 -100 15 -0 2.60245
137.699 555.486 -167.724 -100 15 -0 2.60245
138.2 551.389 -165.273 -100 15 -0 2.60245
138.701 547.292 -162.822 -100 15 -0 2.60245
139.202 543.195 -160.371 -100 15 -0 2.60245
139.57 543.195 -160.371 -100 15 -0 2.60245
139.937 540.189 -158.572 -100 15 -0 2.60245
140.305 537.182 -156.774 -100 15 -0 2.60245
140.672 534.176 -154.975 -100 15 -0 2.60245
141.04 531.17 -153.177 -100 15 -0 2.60245
141.407 528.163 -151.378 -100 15 -0 2.60245
141.775 525.157 -149.579 -100 15 -0 2.60245
142.142 522.15 -147.781 -100 15 -0 2.60245
142.51 519.144 -145.982 -100 15 -0 2.60245
142.878 516.138 -144.183 -100 15 -0 2.60245
143.245 513.131 -142.385 -100 15 -0 2.60245
143.613 510.125 -140.586 -100 15 -0 2.60245
143.98 507.118 -138.787 -100 15 -0 2.60245
144.348 504.112 -136.989 -100 15 -0 2.60245
144.715 501.106 -135.19 -100 15 -0 2.60245
145.083 498.099 -133.392 -100 15 -0 2.60245
145.451 495.093 -131.593 -100 15 -0 2.5802
145.495 495.093 -131.593 -100 15 -0 2.5802
145.539 494.733 -131.367 -100 15 -0 2.55811
145.867 494.733 -131.367 -100 15 -0 2.55811
146.195 492.098 -129.628 -100 15 -0 2.55811
146.523 489.463 -127.888 -100 15 -0 2.55811
146.851 486.829 -126.149 -100 15 -0 2.55811
147.18 484.194 -124.409 -100 15 -0 2.55811
147.508 481.559 -122.67 -100 15 -0 2.55811
147.836 478.924 -120.93 -100 15 -0 2.55811
148.164 476.289 -119.191 -100 15 -0 2.55811
148.492 473.654 -117.451 -100 15 -0 2.55811
148.82 471.019 -115.712 -100 15 -0 2.55811
149.148 468.384 -113.972 -100 15 -0 2.55811
149.476 465.749 -112.233 -100 15 -0 2.55811
149.804 463.114 -110.493 -100 15 -0 2.55811
150.132 460.479 -108.754 -100 15 -0 2.55811
150.46 457.844 -107.014 -100 15 -0 2.55811
150.788 455.209 -105.275 -100 15 -0 2.55811
151.116 452.574 -103.535 -100 15 -0 2.55811
151.445 449.939 -101.796 -100 15 -0 2.55811
151.773 447.304 -100.056 -100 15 -0 2.55811
152.101 444.669 -98.3166 -100 15 -0 2.55811
152.429 442.034 -96.5771 -100 15 -0 2.55811
152.757 439.399 -94.8376 -100 15 -0 2.55811
153.085 436.764 -93.0981 -100 15 -0 2.55811
153.413 434.129 -91.3586 -100 15 -0 2.55811
153.741 431.494 -89.6191 -100 15 -0 2.55811
154.069 428.859 -87.8796 -100 15 -0 2.55811
154.397 426.224 -86.1401 -100 15 -0 2.55811
154.725 423.589 -84.4006 -100 15 -0 2.55811
155.053 420.954 -82.6611 -100 15 -0 2.55811
155.381 418.319 -80.9216 -100 15 -0 2.55811
155.709 415.684 -79.1821 -100 15 -0 2.55811
156.038 413.049 -77.4426 -100 15 -0 2.55811
156.366 410.414 -75.7031 -100 15 -0 2.55811
156.694 410.414 -75.7031 -100 15 -0 2.55811
157.022 407.777 -73.9625 -100 15 -0 2.55811
157.35 405.141 -72.2218 -100 15 -0 2.55811
157.679 402.504 -70.4812 -100 15 -0 2.55811
158.007 399.867 -68.7405 -100 15 -0 2.55811
158.335 397.231 -66.9999 -100 15 -0 2.55811
158.664 394.594 -65.2592 -100 15 -0 2.55811
158.992 391.957 -63.5186 -100 15 -0 2.55811
159.32 389.32 -61.7779 -100 15 -0 2.55811
159.649 386.684 -60.0373 -100 15 -0 2.55811
159.977 384.047 -58.2967 -100 15 -0 2.55811
160.305 381.41 -56.556 -100 15 -0 2.55811
160.633 378.774 -54.8154 -100 15 -0 2.55811
160.962 376.137 -53.0747 -100 15 -0 2.55811
161.29 373.5 -51.3341 -100 15 -0 2.55811
161.618 370.863 -49.5934 -100 15 -0 2.55811
161.947 368.227 -47.8528 -100 15 -0 2.55811
162.275 365.59 -46.1121 -100 15 -0 2.55811
162.603 362.953 -44.3715 -100 15 -0 2.55811
162.931 360.317 -42.6308 -100 15 -0 2.55811
163.26 357.68 -40.8902 -100 15 -0 2.55811
163.588 355.043 -39.1495 -100 15 -0 2.55811
163.916 352.406 -37.4089 -100 15 -0 2.55811
164.245 349.77 -35.6682 -100 15 -0 2.55811
164.573 347.133 -33.9276 -100 15 -0 2.55811
164.901 344.496 -32.187 -100 15 -0 2.55811
165.229 341.859 -30.4463 -100 15 -0 2.55811
165.558 339.223 -28.7057 -100 15 -0 2.55811
165.886 336.586 -26.965 -100 15 -0 2.55811
166.214 333.949 -25.2244 -100 15 -0 2.55811
166.543 331.313 -23.4837 -100 15 -0 2.55811
166.871 328.676 -21.7431 -100 15 -0 2.55811
167.199 326.039 -20.0024 -100 15 -0 2.54305
167.23 326.039 -20.0024 -100 15 -0 2.54305
167.26 325.797 -19.8372 -100 15 -0 2.52808
167.527 325.797 -19.8372 -100 15 -0 2.52808
167.795 323.679 -18.3457 -100 15 -0 2.52808
168.062 321.561 -16.8543 -100 15 -0 2.52808
168.329 319.443 -15.3628 -100 15 -0 2.52808
168.597 317.325 -13.8713 -100 15 -0 2.52808
168.864 315.206 -12.3798 -100 15 -0 2.52808
169.131 313.088 -10.8883 -100 15 -0 2.52808
169.398 310.97 -9.39677 -100 15 -0 2.52808
169.666 308.852 -7.90528 -100 15 -0 2.52808
169.933 306.734 -6.41378 -100 15 -0 2.52808
170.2 304.616 -4.92228 -100 15 -0 2.52808
170.468 302.498 -3.43079 -100 15 -0 2.52808
170.735 300.38 -1.93929 -100 15 -0 2.52808
171.002 298.262 -0.447796 -100 15 -0 2.52808
171.27 296.144 1.0437 -100 15 -0 2.52808
171.537 294.025 2.5352 -100 15 -0 2.52808
171.804 291.907 4.02669 -100 15 -0 2.52808
172.072 289.789 5.51819 -100 15 -0 2.52808
172.339 287.671 7.00968 -100 15 -0 2.52808
172.606 285.553 8.50118 -100 15 -0 2.52808
172.874 283.435 9.99267 -100 15 -0 2.52808
173.141 281.317 11.4842 -100 15 -0 2.52808
173.408 279.199 12.9757 -100 15 -0 2.52808
173.675 277.081 14.4672 -100 15 -0 2.52808
173.943 274.963 15.9587 -100 15 -0 2.52808
174.21 272.844 17.4502 -100 15 -0 2.52808
174.477 270.726 18.9416 -100 15 -0 2.52808
174.745 268.608 20.4331 -100 15 -0 2.52808
175.012 266.49 21.9246 -100 15 -0 2.52808
175.279 264.372 23.4161 -100 15 -0 2.52808
175.547 262.254 24.9076 -100 15 -0 2.52808
175.814 260.136 26.3991 -100 15 -0 2.52808
176.081 258.018 27.8906 -100 15 -0 2.52808
176.348 258.018 27.8906 -100 15 -0 2.52808
176.614 255.908 29.3761 -100 15 -0 2.52808
176.88 253.799 30.8616 -100 15 -0 2.52808
177.146 251.689 32.3471 -100 15 -0 2.52808
177.412 249.579 33.8326 -100 15 -0 2.52808
177.679 247.47 35.3181 -100 15 -0 2.52808
177.945 245.36 36.8036 -100 15 -0 2.52808
178.211 243.251 38.2891 -100 15 -0 2.52808
178.477 241.141 39.7746 -100 15 -0 2.52808
178.744 239.031 41.2602 -100 15 -0 2.52808
179.01 236.922 42.7457 -100 15 -0 2.52808
179.276 234.812 44.2312 -100 15 -0 2.52808
179.542 232.703 45.7167 -100 15 -0 2.52808
179.809 230.593 47.2022 -100 15 -0 2.52808
180.075 228.483 48.6877 -100 15 -0 2.52808
180.341 226.374 50.1732 -100 15 -0 2.52808
180.607 224.264 51.6587 -100 15 -0 2.52808
180.874 222.155 53.1442 -100 15 -0 2.52808
181.14 220.045 54.6297 -100 15 -0 2.52808
181.406 217.936 56.1152 -100 15 -0 2.52808
181.672 215.826 57.6007 -100 15 -0 2.52808
181.939 213.716 59.0862 -100 15 -0 2.52808
182.205 211.607 60.5717 -100 15 -0 2.52808
182.471 209.497 62.0572 -100 15 -0 2.52808
182.737 207.388 63.5427 -100 15 -0 2.52808
183.004 205.278 65.0282 -100 15 -0 2.52808
183.27 203.168 66.5137 -100 15 -0 2.52808
183.536 201.059 67.9992 -100 15 -0 2.52808
183.802 198.949 69.4847 -100 15 -0 2.52808
184.068 196.84 70.9702 -100 15 -0 2.52808
184.335 194.73 72.4557 -100 15 -0 2.52808
184.601 192.62 73.9412 -100 15 -0 2.52808
184.867 190.511 75.4267 -100 15 -0 2.47977
184.966 190.511 75.4267 -100 15 -0 2.47977
185.065 189.747 76.0217 -100 15 -0 2.43236
185.562 189.747 76.0217 -100 15 -0 2.43236
186.06 185.998 79.2391 -100 15 -0 2.43236
186.557 182.249 82.4565 -100 15 -0 2.43236
187.055 178.5 85.6739 -100 15 -0 2.43236
187.553 174.751 88.8913 -100 15 -0 2.43236
188.05 171.002 92.1087 -100 15 -0 2.43236
188.548 167.253 95.3261 -100 15 -0 2.43236
189.045 163.504 98.5435 -100 15 -0 2.43236
189.543 159.755 101.761 -100 15 -0 2.43236
190.04 156.006 104.978 -100 15 -0 2.43236
190.538 152.257 108.196 -100 15 -0 2.43236
191.035 148.508 111.413 -100 15 -0 2.43236
191.533 144.759 114.63 -100 15 -0 2.43236
192.031 141.01 117.848 -100 15 -0 2.43236
192.528 137.261 121.065 -100 15 -0 2.43236
193.026 133.512 124.283 -100 15 -0 2.43236
193.523 129.763 127.5 -100 15 -0 2.43236
194.02 129.763 127.5 -100 15 -0 2.43236
194.517 126.021 130.711 -100 15 -0 2.43236
195.013 122.28 133.923 -100 15 -0 2.43236
195.51 118.538 137.134 -100 15 -0 2.43236
196.006 114.796 140.345 -100 15 -0 2.43236
196.503 111.054 143.556 -100 15 -0 2.43236
197 107.312 146.768 -100 15 -0 2.43236
197.496 103.57 149.979 -100 15 -0 2.43236
197.993 99.8284 153.19 -100 15 -0 2.43236
198.489 96.0865 156.402 -100 15 -0 2.43236
198.986 92.3446 159.613 -100 15 -0 2.43236
199.483 88.6028 162.824 -100 15 -0 2.43236
199.979 84.8609 166.035 -100 15 -0 2.43236
200.476 81.119 169.247 -100 15 -0 2.43236
200.973 77.3772 172.458 -100 15 -0 2.43236
201.469 73.6353 175.669 -100 15 -0 2.43236
201.966 69.8934 178.881 -100 15 -0 2.49447
202.095 69.8934 178.881 -100 15 -0 2.49447
202.224 68.8875 179.641 -100 15 -0 2.55811
202.592 68.8875 179.641 -100 15 -0 2.55811
202.959 65.9348 181.59 -100 15 -0 2.55811
203.327 62.9822 183.539 -100 15 -0 2.55811
203.695 60.0295 185.488 -100 15 -0 2.55811
204.062 57.0769 187.438 -100 15 -0 2.55811
204.43 54.1242 189.387 -100 15 -0 2.55811
204.797 51.1716 191.336 -100 15 -0 2.55811
205.165 48.2189 193.285 -100 15 -0 2.55811
205.533 45.2663 195.234 -100 15 -0 2.55811
205.901 45.2663 195.234 -100 15 -0 2.55811
206.27 42.3049 197.189 -100 15 -0 2.55811
206.639 39.3435 199.144 -100 15 -0 2.55811
207.008 36.3821 201.099 -100 15 -0 2.55811
207.376 33.4207 203.054 -100 15 -0 2.55811
207.745 30.4593 205.009 -100 15 -0 2.55811
208.114 27.4979 206.964 -100 15 -0 2.55811
208.482 24.5365 208.919 -100 15 -0 2.55811
208.851 21.5751 210.874 -100 15 -0 2.61439
208.964 21.5751 210.874 -100 15 -0 2.61439
209.076 20.6513 211.412 -100 15 -0 2.67171
209.367 20.6513 211.412 -100 15 -0 2.67171
209.657 18.2142 212.65 -100 15 -0 2.67171
209.948 15.7771 213.887 -100 15 -0 2.67171
210.239 13.3399 215.125 -100 15 -0 2.67171
210.53 10.9028 216.362 -100 15 -0 2.67171
210.82 8.46562 217.6 -100 15 -0 2.67171
211.111 6.02848 218.838 -100 15 -0 2.67171
211.402 3.59134 220.075 -100 15 -0 2.67171
211.693 1.15419 221.313 -100 15 -0 2.67171
211.983 -1.28295 222.551 -100 15 -0 2.67171
212.274 -3.7201 223.788 -100 15 -0 2.67171
212.565 -6.15724 225.026 -100 15 -0 2.67171
212.855 -8.59439 226.263 -100 15 -0 2.67171
213.146 -11.0315 227.501 -100 15 -0 2.67171
213.437 -13.4687 228.739 -100 15 -0 2.67171
213.728 -15.9058 229.976 -100 15 -0 2.67171
214.018 -18.343 231.214 -100 15 -0 2.67171
214.309 -20.7801 232.451 -100 15 -0 2.67171
214.6 -23.2173 233.689 -100 15 -0 2.67171
214.89 -25.6544 234.927 -100 15 -0 2.67171
215.181 -28.0915 236.164 -100 15 -0 2.67171
215.472 -30.5287 237.402 -100 15 -0 2.67171
215.763 -32.9658 238.64 -100 15 -0 2.67171
216.053 -35.403 239.877 -100 15 -0 2.67171
216.344 -37.8401 241.115 -100 15 -0 2.67171
216.635 -40.2773 242.352 -100 15 -0 2.67171
216.925 -42.7144 243.59 -100 15 -0 2.67171
217.216 -45.1516 244.828 -100 15 -0 2.67171
217.507 -47.5887 246.065 -100 15 -0 2.67171
217.798 -50.0258 247.303 -100 15 -0 2.67171
218.088 -52.463 248.54 -100 15 -0 2.67171
218.379 -54.9001 249.778 -100 15 -0 2.67171
218.67 -57.3373 251.016 -100 15 -0 2.67171
218.961 -57.3373 251.016 -100 15 -0 2.67171
219.253 -59.7823 252.257 -100 15 -0 2.67171
219.545 -62.2272 253.499 -100 15 -0 2.67171
219.836 -64.6722 254.74 -100 15 -0 2.67171
220.128 -67.1172 255.982 -100 15 -0 2.67171
220.42 -69.5622 257.224 -100 15 -0 2.67171
220.711 -72.0071 258.465 -100 15 -0 2.67171
221.003 -74.4521 259.707 -100 15 -0 2.67171
221.295 -76.8971 260.948 -100 15 -0 2.67171
221.586 -79.3421 262.19 -100 15 -0 2.67171
221.878 -81.7871 263.432 -100 15 -0 2.67171
222.17 -84.232 264.673 -100 15 -0 2.67171
222.461 -86.677 265.915 -100 15 -0 2.67171
222.753 -89.122 267.156 -100 15 -0 2.67171
223.044 -91.567 268.398 -100 15 -0 2.67171
223.336 -94.012 269.639 -100 15 -0 2.67171
223.628 -96.4569 270.881 -100 15 -0 2.67171
223.919 -98.9019 272.123 -100 15 -0 2.67171
224.211 -101.347 273.364 -100 15 -0 2.67171
224.503 -103.792 274.606 -100 15 -0 2.67171
224.794 -106.237 275.847 -100 15 -0 2.67171
225.086 -108.682 277.089 -100 15 -0 2.67171
225.378 -111.127 278.331 -100 15 -0 2.67171
225.669 -113.572 279.572 -100 15 -0 2.67171
225.961 -116.017 280.814 -100 15 -0 2.67171
226.253 -118.462 282.055 -100 15 -0 2.67171
226.544 -120.907 283.297 -100 15 -0 2.67171
226.836 -123.352 284.539 -100 15 -0 2.67171
227.128 -125.797 285.78 -100 15 -0 2.67171
227.419 -128.242 287.022 -100 15 -0 2.67171
227.711 -130.687 288.263 -100 15 -0 2.67171
228.003 -133.132 289.505 -100 15 -0 2.67171
228.294 -135.577 290.747 -100 15 -0 2.64464
228.347 -135.577 290.747 -100 15 -0 2.64464
228.4 -136.016 290.985 -100 15 -0 2.61778
228.674 -136.016 290.985 -100 15 -0 2.61778
228.949 -138.273 292.289 -100 15 -0 2.61778
229.223 -140.529 293.592 -100 15 -0 2.61778
229.497 -142.786 294.895 -100 15 -0 2.61778
229.771 -145.042 296.199 -100 15 -0 2.61778
230.046 -147.299 297.502 -100 15 -0 2.61778
230.32 -149.556 298.806 -100 15 -0 2.61778
230.594 -151.812 300.109 -100 15 -0 2.61778
230.869 -154.069 301.413 -100 15 -0 2.61778
231.143 -156.325 302.716 -100 15 -0 2.61778
231.417 -158.582 304.02 -100 15 -0 2.61778
231.691 -160.838 305.323 -100 15 -0 2.61778
231.966 -163.095 306.626 -100 15 -0 2.61778
232.24 -165.351 307.93 -100 15 -0 2.61778
232.514 -167.608 309.233 -100 15 -0 2.61778
232.788 -169.864 310.537 -100 15 -0 2.61778
233.063 -172.121 311.84 -100 15 -0 2.61778
233.337 -174.377 313.144 -100 15 -0 2.61778
233.611 -176.634 314.447 -100 15 -0 2.61778
233.886 -178.89 315.751 -100 15 -0 2.61778
234.16 -181.147 317.054 -100 15 -0 2.61778
234.434 -183.403 318.357 -100 15 -0 2.61778
234.708 -185.66 319.661 -100 15 -0 2.61778
234.983 -187.916 320.964 -100 15 -0 2.61778
235.257 -190.173 322.268 -100 15 -0 2.61778
235.531 -192.429 323.571 -100 15 -0 2.61778
235.805 -194.686 324.875 -100 15 -0 2.61778
236.08 -196.942 326.178 -100 15 -0 2.61778
236.354 -199.199 327.482 -100 15 -0 2.61778
236.628 -201.455 328.785 -100 15 -0 2.61778
236.903 -203.712 330.088 -100 15 -0 2.61778
237.177 -205.968 331.392 -100 15 -0 2.61778
237.451 -208.225 332.695 -100 15 -0 2.61778
237.72 -208.225 332.695 -100 15 -0 2.61778
237.988 -210.434 333.971 -100 15 -0 2.61778
238.256 -212.642 335.247 -100 15 -0 2.61778
238.525 -214.851 336.523 -100 15 -0 2.61778
238.793 -217.06 337.799 -100 15 -0 2.61778
239.062 -219.268 339.074 -100 15 -0 2.61778
239.33 -221.477 340.35 -100 15 -0 2.61778
239.599 -223.686 341.626 -100 15 -0 2.61778
239.867 -225.894 342.902 -100 15 -0 2.61778
240.136 -228.103 344.178 -100 15 -0 2.61778
240.404 -230.312 345.453 -100 15 -0 2.61778
240.673 -232.52 346.729 -100 15 -0 2.61778
240.941 -234.729 348.005 -100 15 -0 2.61778
241.21 -236.938 349.281 -100 15 -0 2.61778
241.478 -239.146 350.557 -100 15 -0 2.61778
241.746 -241.355 351.833 -100 15 -0 2.61778
242.015 -243.564 353.108 -100 15 -0 2.61778
242.283 -245.772 354.384 -100 15 -0 2.61778
242.552 -247.981 355.66 -100 15 -0 2.61778
242.82 -250.19 356.936 -100 15 -0 2.61778
243.089 -252.398 358.212 -100 15 -0 2.61778
243.357 -254.607 359.487 -100 15 -0 2.61778
243.626 -256.816 360.763 -100 15 -0 2.61778
243.894 -259.025 362.039 -100 15 -0 2.61778
244.163 -261.233 363.315 -100 15 -0 2.61778
244.431 -263.442 364.591 -100 15 -0 2.61778
244.7 -265.651 365.867 -100 15 -0 2.61778
244.968 -267.859 367.142 -100 15 -0 2.61778
245.236 -270.068 368.418 -100 15 -0 2.61778
245.505 -272.277 369.694 -100 15 -0 2.61778
245.773 -274.485 370.97 -100 15 -0 2.61778
246.042 -276.694 372.246 -100 15 -0 2.61778
246.31 -278.903 373.521 -100 15 -0 2.83669
246.733 -278.903 373.521 -100 15 -0 2.83669
247.156 -282.581 374.679 -100 15 -0 3.06511
247.496 -282.581 374.679 -100 15 -0 3.06511
247.836 -285.638 374.913 -100 15 -0 3.06511
248.177 -288.695 375.148 -100 15 -0 3.06511
248.517 -291.751 375.382 -100 15 -0 3.06511
248.857 -294.808 375.616 -100 15 -0 3.06511
249.197 -297.864 375.85 -100 15 -0 3.06511
249.538 -300.921 376.085 -100 15 -0 3.06511
249.878 -303.977 376.319 -100 15 -0 3.06511
250.218 -307.034 376.553 -100 15 -0 3.06511
250.558 -310.091 376.787 -100 15 -0 3.06511
250.898 -313.147 377.021 -100 15 -0 3.06511
251.239 -316.204 377.256 -100 15 -0 3.06511
251.579 -319.26 377.49 -100 15 -0 3.06511
251.919 -322.317 377.724 -100 15 -0 3.06511
252.259 -325.373 377.958 -100 15 -0 3.06511
252.599 -328.43 378.193 -100 15 -0 3.06511
252.94 -331.487 378.427 -100 15 -0 3.06511
253.271 -331.487 378.427 -100 15 -0 3.06511
253.602 -334.461 378.655 -100 15 -0 3.06511
253.933 -337.436 378.883 -100 15 -0 3.06511
254.264 -340.41 379.111 -100 15 -0 3.06511
254.595 -343.385 379.339 -100 15 -0 3.06511
254.926 -346.359 379.566 -100 15 -0 3.06511
255.257 -349.334 379.794 -100 15 -0 3.06511
255.588 -352.308 380.022 -100 15 -0 3.06511
255.919 -355.283 380.25 -100 15 -0 3.06511
256.251 -358.257 380.478 -100 15 -0 3.06511
256.582 -361.232 380.706 -100 15 -0 3.06511
256.913 -364.206 380.934 -100 15 -0 3.06511
257.244 -367.181 381.162 -100 15 -0 3.06511
257.575 -370.155 381.39 -100 15 -0 3.06511
257.906 -373.13 381.618 -100 15 -0 3.06511
258.237 -376.104 381.846 -100 15 -0 3.06511
258.568 -379.079 382.074 -100 15 -0 2.87778
258.914 -379.079 382.074 -100 15 -0 2.87778
259.261 -382.119 382.895 -100 15 -0 2.5208
259.607 -384.843 384.843 -100 15 -0 2.35619
259.871 -384.843 384.843 -100 15 -0 2.35619
260.135 -386.738 386.738 -100 15 -0 2.35619
260.399 -388.633 388.633 -100 15 -0 2.35619
260.663 -390.527 390.527 -100 15 -0 2.35619
260.927 -392.422 392.422 -100 15 -0 2.35619
261.191 -394.316 394.316 -100 15 -0 2.35619
261.456 -396.211 396.211 -100 15 -0 2.35619
261.72 -398.105 398.105 -100 15 -0 2.35619
