time x y z V_A gamma chi
0 12.5 -150 -200 15 -0 0
0.3125 12.5 -150 -200 15 -0 0
0.625 15.625 -150 -200 15 -0 0
0.9375 18.75 -150 -200 15 -0 0
1.25 21.875 -150 -200 15 -0 0
1.5625 25 -150 -200 15 -0 0
1.95312 25 -150 -200 15 -0 0
2.34375 28.9063 -150 -200 15 -0 0
2.73437 32.8125 -150 -200 15 -0 0
3.125 36.7188 -150 -200 15 -0 0
3.51562 40.625 -150 -200 15 -0 0
3.90625 44.5313 -150 -200 15 -0 0
4.29687 48.4375 -150 -200 15 -0 0
4.6875 52.3438 -150 -200 15 -0 0
5.07812 56.25 -150 -200 15 -0 0
5.46875 60.1563 -150 -200 15 -0 0
5.85937 64.0625 -150 -200 15 -0 0
6.25 67.9688 -150 -200 15 -0 0
6.64062 71.875 -150 -200 15 -0 0
7.03125 75.7813 -150 -200 15 -0 0
7.42187 79.6875 -150 -200 15 -0 0
7.8125 83.5938 -150 -200 15 -0 0
8.20312 87.5 -150 -200 15 -0 0
8.59375 87.5 -150 -200 15 -0 0
8.98437 91.4063 -150 -200 15 -0 0
9.375 95.3125 -150 -200 15 -0 0
9.76562 99.2188 -150 -200 15 -0 0
10.1562 103.125 -150 -200 15 -0 0
10.5469 107.031 -150 -200 15 -0 0
10.9375 110.938 -150 -200 15 -0 0
11.3281 114.844 -150 -200 15 -0 0
11.7187 118.75 -150 -200 15 -0 0
12.1094 122.656 -150 -200 15 -0 0
12.5 126.563 -150 -200 15 -0 0
12.8906 130.469 -150 -200 15 -0 0
13.2812 134.375 -150 -200 15 -0 0
13.6719 138.281 -150 -200 15 -0 0
14.0625 142.188 -150 -200 15 -0 0
14.4531 146.094 -150 -200 15 -0 0
14.8437 150 -150 -200 15 -0 0
15.3125 150 -150 -200 15 -0 0
15.7812 154.688 -150 -200 15 -0 0
16.25 159.375 -150 -200 15 -0 0
16.7187 164.063 -150 -200 15 -0 0
17.1875 168.75 -150 -200 15 -0 0
17.6562 173.438 -150 -200 15 -0 0
18.125 178.125 -150 -200 15 -0 0
18.5937 182.813 -150 -200 15 -0 0
19.0625 187.5 -150 -200 15 -0 0
19.5312 192.188 -150 -200 15 -0 0
20 196.875 -150 -200 15 -0 0
20.4687 201.563 -150 -200 15 -0 0
20.9375 206.25 -150 -200 15 -0 0
21.4062 210.938 -150 -200 15 -0 0
21.875 215.625 -150 -200 15 -0 0
22.3437 220.313 -150 -200 15 -0 0
22.8125 225 -150 -200 15 -0 0
23.2812 225 -150 -200 15 -0 0
23.75 229.688 -150 -200 15 -0 0
24.2187 234.375 -150 -200 15 -0 0
24.6875 239.063 -150 -200 15 -0 0
25.1562 243.75 -150 -200 15 -0 0
25.625 248.438 -150 -200 15 -0 0
26.0937 253.125 -150 -200 15 -0 0
26.5625 257.813 -150 -200 15 -0 0
27.0312 262.5 -150 -200 15 -0 0
27.5 267.188 -150 -200 15 -0 0
27.9687 271.875 -150 -200 15 -0 0
28.4375 276.563 -150 -200 15 -0 0
28.9062 281.25 -150 -200 15 -0 0
29.375 285.938 -150 -200 15 -0 0
29.8437 290.625 -150 -200 15 -0 0
30.3125 295.313 -150 -200 15 -0 0
30.7812 300 -150 -200 15 -0 0
31.25 300 -150 -200 15 -0 0
31.7187 304.688 -150 -200 15 -0 0
32.1875 309.375 -150 -200 15 -0 0
32.6562 314.063 -150 -200 15 -0 0
33.125 318.75 -150 -200 15 -0 0
33.5937 323.438 -150 -200 15 -0 0
34.0625 328.125 -150 -200 15 -0 0
34.5312 332.813 -150 -200 15 -0 0
35 337.5 -150 -200 15 -0 0
35.4687 342.188 -150 -200 15 -0 0
35.9375 346.875 -150 -200 15 -0 0
36.4062 351.563 -150 -200 15 -0 0
36.875 356.25 -150 -200 15 -0 0
37.3437 360.938 -150 -200 15 -0 0
37.8125 365.625 -150 -200 15 -0 0
38.2812 370.313 -150 -200 15 -0 0
38.75 375 -150 -200 15 -0 0
39.1424 375 -150 -200 15 -0 0
39.5348 378.924 -150 -200 15 -0 0
39.9272 382.848 -150 -200 15 -0 0
40.3196 386.772 -150 -200 15 -0 0
40.712 390.696 -150 -200 15 -0 0
41.1044 394.62 -150 -200 15 -0 0
41.4967 398.544 -150 -200 15 -0 0
41.8891 402.467 -150 -200 15 -0 0
42.2815 406.391 -150 -200 15 -0 0
42.6739 410.315 -150 -200 15 -0 0
43.0663 414.239 -150 -200 15 -0 0
43.4587 418.163 -150 -200 15 -0 0
43.8511 422.087 -150 -200 15 -0 0
44.2435 426.011 -150 -200 15 -0 0
44.6359 429.935 -150 -200 15 -0 0
45.0283 433.859 -150 -200 15 -0 0
45.4207 437.783 -150 -200 15 -0 0.230353
45.8914 437.783 -150 -200 15 -0 0.230353
46.1267 442.379 -148.922 -200 15 -0 0.564001
46.3621 444.471 -147.599 -200 15 -0 0.773925
46.5974 446.322 -145.79 -200 15 -0 0.971551
46.8328 447.86 -143.538 -200 15 -0 1.15671
47.0682 449.021 -140.897 -200 15 -0 1.33016
47.3035 449.749 -137.929 -200 15 -0 1.49314
47.5389 450 -134.704 -200 15 -0 1.5708
47.882 450 -134.704 -200 15 -0 1.5708
48.2251 450 -129.852 -200 15 -0 1.5708
48.5682 450 -125 -200 15 -0 1.5708
48.7891 450 -125 -200 15 -0 1.5708
49.0101 450 -121.875 -200 15 -0 1.5708
49.2311 450 -118.75 -200 15 -0 1.5708
49.452 450 -115.625 -200 15 -0 1.5708
49.673 450 -112.5 -200 15 -0 1.5708
49.894 450 -109.375 -200 15 -0 1.5708
50.115 450 -106.25 -200 15 -0 1.5708
50.3359 450 -103.125 -200 15 -0 1.5708
50.5569 450 -100 -200 15 -0 1.5708
50.8331 450 -100 -200 15 -0 1.5708
51.1093 450 -96.0938 -200 15 -0 1.5708
51.3855 450 -92.1875 -200 15 -0 1.5708
51.6618 450 -88.2813 -200 15 -0 1.5708
51.938 450 -84.375 -200 15 -0 1.5708
52.2142 450 -80.4688 -200 15 -0 1.5708
52.4904 450 -76.5625 -200 15 -0 1.5708
52.7666 450 -72.6563 -200 15 -0 1.5708
53.0428 450 -68.75 -200 15 -0 1.5708
53.319 450 -64.8438 -200 15 -0 1.5708
53.5952 450 -60.9375 -200 15 -0 1.5708
53.8715 450 -57.0313 -200 15 -0 1.5708
54.1477 450 -53.125 -200 15 -0 1.5708
54.4239 450 -49.2188 -200 15 -0 1.5708
54.7001 450 -45.3125 -200 15 -0 1.5708
54.9763 450 -41.4063 -200 15 -0 1.5708
55.2525 450 -37.5 -200 15 -0 1.5708
55.5287 450 -33.5938 -200 15 -0 1.5708
55.805 450 -29.6875 -200 15 -0 1.5708
56.0812 450 -25.7813 -200 15 -0 1.5708
56.3574 450 -21.875 -200 15 -0 1.5708
56.6336 450 -17.9688 -200 15 -0 1.5708
56.9098 450 -14.0625 -200 15 -0 1.5708
57.186 450 -10.1563 -200 15 -0 1.5708
57.4622 450 -6.25 -200 15 -0 1.5708
57.7385 450 -2.34375 -200 15 -0 1.5708
58.0147 450 1.5625 -200 15 -0 1.5708
58.2909 450 5.46875 -200 15 -0 1.5708
58.5671 450 9.375 -200 15 -0 1.5708
58.8433 450 13.2812 -200 15 -0 1.5708
59.1195 450 17.1875 -200 15 -0 1.5708
59.3957 450 21.0938 -200 15 -0 1.5708
59.6719 450 25 -200 15 -0 1.5708
59.8565 450 25 -200 15 -0 1.5708
60.041 450 27.6093 -200 15 -0 1.5708
60.2255 450 30.2186 -200 15 -0 1.5708
60.41 450 32.8279 -200 15 -0 1.5708
60.5945 450 35.4373 -200 15 -0 1.5708
60.779 450 38.0466 -200 15 -0 1.5708
60.9635 450 40.6559 -200 15 -0 1.5708
61.148 450 43.2652 -200 15 -0 1.5708
61.3325 450 45.8745 -200 15 -0 1.5708
61.517 450 48.4838 -200 15 -0 1.5708
61.7015 450 51.0932 -200 15 -0 1.5708
61.886 450 53.7025 -200 15 -0 1.5708
62.0705 450 56.3118 -200 15 -0 1.5708
62.255 450 58.9211 -200 15 -0 1.5708
62.4395 450 61.5304 -200 15 -0 1.5708
62.6241 450 64.1397 -200 15 -0 1.5708
62.8086 450 66.7491 -200 15 -0 1.66152
63.089 450 66.7491 -200 15 -0 1.66152
63.3695 449.629 70.8217 -200 15 -0 1.83417
63.65 448.499 75.0143 -200 15 -0 1.99806
63.9305 446.6 79.1861 -200 15 -0 2.15495
64.0707 443.948 83.1974 -200 15 -0 2.26866
64.211 442.352 85.1004 -200 15 -0 2.34315
64.3512 440.585 86.9135 -200 15 -0 2.41663
64.4915 438.657 88.6215 -200 15 -0 2.4892
64.6317 436.578 90.21 -200 15 -0 2.56099
64.7719 434.359 91.6656 -200 15 -0 2.63209
64.9122 432.013 92.9762 -200 15 -0 2.70262
65.0524 429.555 94.1307 -200 15 -0 2.77265
65.1927 426.997 95.1194 -200 15 -0 2.84227
65.3329 424.358 95.9341 -200 15 -0 2.91157
65.4731 421.651 96.5678 -200 15 -0 2.98063
65.6134 418.895 97.0153 -200 15 -0 3.04951
65.7536 416.107 97.2727 -200 15 -0 3.1183
65.8939 413.304 97.338 -200 15 -0 3.18706
66.0341 410.504 97.2106 -200 15 -0 3.25588
66.1744 407.724 96.8915 -200 15 -0 3.32481
66.3146 404.982 96.3835 -200 15 -0 3.39393
66.4548 402.295 95.6908 -200 15 -0 3.46333
66.5951 399.681 94.8192 -200 15 -0 3.53308
66.7353 397.153 93.776 -200 15 -0 3.60326
66.8756 394.729 92.57 -200 15 -0 3.67396
67.0158 392.423 91.2114 -200 15 -0 3.74527
67.156 390.248 89.7115 -200 15 -0 3.8173
67.2963 388.216 88.083 -200 15 -0 3.89015
67.4365 386.339 86.3395 -200 15 -0 3.92699
67.6318 386.339 86.3395 -200 15 -0 3.92699
67.827 383.839 83.8388 -200 15 -0 3.92699
67.9884 383.839 83.8388 -200 15 -0 3.92699
68.1499 381.771 81.7713 -200 15 -0 3.92699
68.3113 379.704 79.7038 -200 15 -0 3.92699
68.4727 377.636 77.6362 -200 15 -0 3.92699
68.6342 375.569 75.5687 -200 15 -0 3.92699
68.7956 373.501 73.5012 -200 15 -0 3.92699
68.957 371.434 71.4336 -200 15 -0 3.92699
69.1184 369.366 69.3661 -200 15 -0 3.92699
69.2799 367.299 67.2985 -200 15 -0 3.92699
69.4413 365.231 65.231 -200 15 -0 3.92699
69.6027 363.163 63.1635 -200 15 -0 3.92699
69.7642 361.096 61.0959 -200 15 -0 3.92699
69.9256 359.028 59.0284 -200 15 -0 3.92699
70.087 356.961 56.9609 -200 15 -0 3.92699
70.2484 354.893 54.8933 -200 15 -0 3.92699
70.4099 352.826 52.8258 -200 15 -0 3.92699
70.5713 350.758 50.7583 -200 15 -0 3.92699
70.7327 348.691 48.6907 -200 15 -0 3.92699
70.8942 346.623 46.6232 -200 15 -0 3.92699
71.0556 344.556 44.5556 -200 15 -0 3.92699
71.217 342.488 42.4881 -200 15 -0 3.92699
71.3784 340.421 40.4206 -200 15 -0 3.92699
71.5399 338.353 38.353 -200 15 -0 3.92699
71.7013 336.285 36.2855 -200 15 -0 3.92699
71.8627 334.218 34.218 -200 15 -0 3.92699
72.0242 332.15 32.1504 -200 15 -0 3.92699
72.1856 330.083 30.0829 -200 15 -0 3.92699
72.347 328.015 28.0154 -200 15 -0 3.92699
72.5084 325.948 25.9478 -200 15 -0 3.92699
72.6699 323.88 23.8803 -200 15 -0 3.92699
72.8313 321.813 21.8127 -200 15 -0 3.92699
72.9927 319.745 19.7452 -200 15 -0 3.92699
73.1542 317.678 17.6777 -200 15 -0 3.92699
73.3698 317.678 17.6777 -200 15 -0 3.92699
73.5855 314.916 14.9155 -200 15 -0 3.92699
73.8011 312.153 12.1534 -200 15 -0 3.92699
74.0168 309.391 9.39126 -200 15 -0 3.92699
74.2325 306.629 6.62913 -200 15 -0 3.92699
74.4481 303.867 3.86699 -200 15 -0 3.92699
74.6638 301.105 1.10485 -200 15 -0 3.92699
74.8794 298.343 -1.65728 -200 15 -0 3.92699
75.0951 295.581 -4.41942 -200 15 -0 3.92699
75.3108 292.818 -7.18155 -200 15 -0 3.92699
75.5264 290.056 -9.94369 -200 15 -0 3.92699
75.7421 287.294 -12.7058 -200 15 -0 3.92699
75.9577 284.532 -15.468 -200 15 -0 3.92699
76.1734 281.77 -18.2301 -200 15 -0 3.92699
76.3891 279.008 -20.9922 -200 15 -0 3.92699
76.6047 276.246 -23.7544 -200 15 -0 3.92699
76.8204 273.483 -26.5165 -200 15 -0 3.92699
77.0361 273.483 -26.5165 -200 15 -0 3.92699
77.2517 270.721 -29.2786 -200 15 -0 3.92699
77.4674 267.959 -32.0408 -200 15 -0 3.92699
77.683 265.197 -34.8029 -200 15 -0 3.92699
77.8987 262.435 -37.565 -200 15 -0 3.92699
78.1144 259.673 -40.3272 -200 15 -0 3.92699
78.33 256.911 -43.0893 -200 15 -0 3.92699
78.5457 254.149 -45.8515 -200 15 -0 3.92699
78.7613 251.386 -48.6136 -200 15 -0 3.92699
78.977 248.624 -51.3757 -200 15 -0 3.92699
79.1927 245.862 -54.1379 -200 15 -0 3.92699
79.4083 243.1 -56.9 -200 15 -0 3.92699
79.624 240.338 -59.6621 -200 15 -0 3.92699
79.8396 237.576 -62.4243 -200 15 -0 3.92699
80.0553 234.814 -65.1864 -200 15 -0 3.92699
80.271 232.051 -67.9485 -200 15 -0 3.92699
80.4866 229.289 -70.7107 -200 15 -0 3.92699
80.6801 229.289 -70.7107 -200 15 -0 3.92699
80.8735 226.812 -73.1885 -200 15 -0 3.92699
81.067 224.334 -75.6663 -200 15 -0 3.92699
81.2605 221.856 -78.1441 -200 15 -0 3.92699
81.4539 219.378 -80.6218 -200 15 -0 3.92699
81.6474 216.9 -83.0996 -200 15 -0 3.92699
81.8408 214.423 -85.5774 -200 15 -0 3.92699
82.0343 211.945 -88.0552 -200 15 -0 3.92699
82.2278 209.467 -90.533 -200 15 -0 3.92699
82.4212 206.989 -93.0108 -200 15 -0 3.92699
82.6147 204.511 -95.4886 -200 15 -0 3.92699
82.8081 202.034 -97.9664 -200 15 -0 3.92699
83.0016 199.556 -100.444 -200 15 -0 3.92699
83.1951 197.078 -102.922 -200 15 -0 3.92699
83.3885 194.6 -105.4 -200 15 -0 3.92699
83.582 192.122 -107.878 -200 15 -0 3.92699
83.7755 189.645 -110.355 -200 15 -0 3.92699
83.9612 189.645 -110.355 -200 15 -0 3.92699
84.147 187.265 -112.735 -200 15 -0 3.92699
84.3327 184.886 -115.114 -200 15 -0 3.98038
84.5352 184.886 -115.114 -200 15 -0 3.98038
84.7378 182.469 -117.804 -200 15 -0 4.08922
84.9403 180.419 -120.657 -200 15 -0 4.20078
85.1428 178.754 -123.621 -200 15 -0 4.31557
85.3453 177.487 -126.646 -200 15 -0 4.43417
85.5478 176.621 -129.678 -200 15 -0 4.55723
85.7503 176.154 -132.664 -200 15 -0 4.6855
85.9528 176.076 -135.551 -200 15 -0 4.81981
86.1553 176.371 -138.29 -200 15 -0 4.96102
86.3578 177.017 -140.833 -200 15 -0 5.11003
86.7628 177.983 -143.134 -200 15 -0 5.34908
87.1678 180.736 -146.857 -200 15 -0 5.7012
87.5728 184.297 -149.2 -200 15 -0 6.08489
87.9778 188.276 -150 -200 15 -0 0
88.3269 188.276 -150 -200 15 -0 0
88.676 191.768 -150 -200 15 -0 0
89.0252 195.259 -150 -200 15 -0 0
89.3743 198.751 -150 -200 15 -0 0
89.7235 202.242 -150 -200 15 -0 0
90.0726 205.733 -150 -200 15 -0 0
90.4217 209.225 -150 -200 15 -0 0
90.7709 212.716 -150 -200 15 -0 0
91.12 216.207 -150 -200 15 -0 0
91.4691 219.699 -150 -200 15 -0 0
91.8183 223.19 -150 -200 15 -0 0
92.1674 226.681 -150 -200 15 -0 0
92.5165 230.173 -150 -200 15 -0 0
92.8657 233.664 -150 -200 15 -0 0
93.2148 237.156 -150 -200 15 -0 0
93.564 240.647 -150 -200 15 -0 0
93.9131 244.138 -150 -200 15 -0 0
94.2622 247.63 -150 -200 15 -0 0
94.6114 251.121 -150 -200 15 -0 0
94.9605 254.612 -150 -200 15 -0 0
95.3096 258.104 -150 -200 15 -0 0
95.6588 261.595 -150 -200 15 -0 0
96.0079 265.086 -150 -200 15 -0 0
96.357 268.578 -150 -200 15 -0 0
96.7062 272.069 -150 -200 15 -0 0
97.0553 275.56 -150 -200 15 -0 0
97.4045 279.052 -150 -200 15 -0 0
97.7536 282.543 -150 -200 15 -0 0
98.1027 286.035 -150 -200 15 -0 0
98.4519 289.526 -150 -200 15 -0 0
98.801 293.017 -150 -200 15 -0 0
99.1501 296.509 -150 -200 15 -0 0
