time x y z V_A gamma chi
0 -212.5 -50 -70 15 -0 0
0.216902 -212.5 -50 -70 15 -0 0
0.433803 -209.246 -50 -70 15 -0 0
0.650705 -205.993 -50 -70 15 -0 0
0.867606 -202.739 -50 -70 15 -0 0
1.08451 -199.486 -50 -70 15 -0 0
1.30141 -196.232 -50 -70 15 -0 0
1.51831 -192.979 -50 -70 15 -0 0
1.73521 -189.725 -50 -70 15 -0 0
1.95211 -186.472 -50 -70 15 0.00505509 6.22523
2.12941 -186.472 -50 -70 15 0.00505509 6.22523
2.30671 -183.818 -50.154 -70.0134 15 0.0310158 6.10932
2.484 -181.2 -50.6138 -70.0959 15 0.0718595 5.99341
2.6613 -178.653 -51.3733 -70.2872 15 0.117438 5.87749
2.83859 -176.211 -52.4222 -70.6008 15 0.159929 5.76158
3.01589 -173.907 -53.7466 -71.0296 15 0.194017 5.64567
3.19319 -171.771 -55.3286 -71.5518 15 0.216828 5.52976
3.37048 -169.832 -57.147 -72.1373 15 0.227699 5.41385
3.54778 -168.117 -59.1774 -72.7532 15 0.235545 5.35589
3.76643 -168.117 -59.1774 -72.7532 15 0.235545 5.35589
3.98509 -166.203 -61.7289 -73.5187 15 0.235545 5.35589
4.20374 -164.29 -64.2803 -74.2841 15 0.235545 5.35589
4.4224 -162.376 -66.8317 -75.0495 15 0.235545 5.35589
4.64105 -160.463 -69.3831 -75.8149 15 0.235545 5.35589
4.85971 -158.549 -71.9345 -76.5803 15 0.235545 5.35589
5.07836 -156.636 -74.4859 -77.3458 15 0.235545 5.35589
5.29702 -154.722 -77.0373 -78.1112 15 0.235545 5.35589
5.51567 -152.808 -79.5887 -78.8766 15 0.235545 5.35589
5.73433 -150.895 -82.1401 -79.642 15 0.235545 5.35589
5.95298 -148.981 -84.6915 -80.4075 15 0.235545 5.35589
6.17164 -147.068 -87.243 -81.1729 15 0.235545 5.35589
6.39029 -145.154 -89.7944 -81.9383 15 0.235545 5.35589
6.60895 -143.241 -92.3458 -82.7037 15 0.235545 5.35589
6.8276 -141.327 -94.8972 -83.4692 15 0.235545 5.35589
7.04626 -139.414 -97.4486 -84.2346 15 0.235545 5.35589
7.26491 -137.5 -100 -85 15 0.235545 5.35589
7.48493 -137.5 -100 -85 15 0.235545 5.35589
7.70494 -135.575 -102.567 -85.7702 15 0.235545 5.35589
7.92495 -133.649 -105.134 -86.5403 15 0.235545 5.35589
8.14496 -131.724 -107.702 -87.3105 15 0.235545 5.35589
8.36498 -129.798 -110.269 -88.0807 15 0.235545 5.35589
8.58499 -127.873 -112.836 -88.8509 15 0.235545 5.35589
8.805 -125.947 -115.403 -89.621 15 0.235545 5.35589
9.02501 -124.022 -117.971 -90.3912 15 0.235545 5.35589
9.24503 -122.097 -120.538 -91.1614 15 0.235545 5.35589
9.46504 -120.171 -123.105 -91.9316 15 0.235545 5.35589
9.68505 -118.246 -125.672 -92.7017 15 0.235545 5.35589
9.90506 -116.32 -128.24 -93.4719 15 0.235545 5.35589
10.1251 -114.395 -130.807 -94.2421 15 0.235545 5.35589
10.3451 -112.469 -133.374 -95.0123 15 0.235545 5.35589
10.5651 -110.544 -135.941 -95.7824 15 0.235545 5.35589
10.7851 -108.618 -138.509 -96.5526 15 0.235545 5.35589
11.0051 -106.693 -141.076 -97.3228 15 0.233488 5.41385
11.1824 -106.693 -141.076 -97.3228 15 0.233488 5.41385
11.3597 -105.025 -143.05 -97.9375 15 0.220338 5.52976
11.537 -103.14 -144.819 -98.5163 15 0.194526 5.64567
11.7143 -101.063 -146.357 -99.0255 15 0.157948 5.76158
11.8916 -98.8223 -147.645 -99.4372 15 0.114219 5.87749
12.0689 -96.4476 -148.665 -99.7337 15 0.0688683 5.99341
12.2462 -93.9708 -149.403 -99.912 15 0.0293257 6.10932
12.4235 -91.4252 -149.85 -99.9878 15 0.00472648 6.22523
12.6008 -88.845 -150 -100 15 -0 0
12.7859 -88.845 -150 -100 15 -0 0
12.971 -86.0686 -150 -100 15 -0 0
13.1561 -83.2921 -150 -100 15 -0 0
13.3412 -80.5157 -150 -100 15 -0 0
13.5263 -77.7393 -150 -100 15 -0 0
13.7114 -74.9629 -150 -100 15 -0 0
13.8964 -72.1865 -150 -100 15 -0 0
14.0815 -69.4101 -150 -100 15 -0 0
14.2666 -66.6337 -150 -100 15 -0 0
14.4517 -63.8573 -150 -100 15 -0 0
14.6368 -61.0809 -150 -100 15 -0 0
14.8219 -58.3045 -150 -100 15 -0 0
15.007 -55.5281 -150 -100 15 -0 0
15.1921 -52.7517 -150 -100 15 -0 0
15.3772 -49.9753 -150 -100 15 -0 0
15.5623 -47.1989 -150 -100 15 -0 0
15.7474 -44.4225 -150 -100 15 -0 0
15.9325 -41.6461 -150 -100 15 -0 0
16.1176 -38.8697 -150 -100 15 -0 0
16.3027 -36.0933 -150 -100 15 -0 0
16.4878 -33.3169 -150 -100 15 -0 0
16.6728 -30.5405 -150 -100 15 -0 0
16.8579 -27.764 -150 -100 15 -0 0
17.043 -24.9876 -150 -100 15 -0 0
17.2281 -22.2112 -150 -100 15 -0 0
17.4132 -19.4348 -150 -100 15 -0 0
17.5983 -16.6584 -150 -100 15 -0 0
17.7834 -13.882 -150 -100 15 -0 0
17.9685 -11.1056 -150 -100 15 -0 0
18.1536 -8.32921 -150 -100 15 -0 0
18.3387 -5.55281 -150 -100 15 -0 0
18.5238 -2.7764 -150 -100 15 -0 0
18.7089 0 -150 -100 15 -0 0
19.0299 0 -150 -100 15 -0 0
19.351 4.81602 -150 -100 15 -0 0
19.6721 9.63205 -150 -100 15 -0 0
19.9932 14.4481 -150 -100 15 -0 0
20.3142 19.2641 -150 -100 15 -0 0
20.6353 24.0801 -150 -100 15 -0 0
20.9564 28.8961 -150 -100 15 -0 0
21.2774 33.7122 -150 -100 15 -0 0
21.5985 38.5282 -150 -100 15 -0 0
21.9196 43.3442 -150 -100 15 -0 0
22.2406 48.1602 -150 -100 15 -0 0
22.5617 52.9763 -150 -100 15 -0 0
22.8828 57.7923 -150 -100 15 -0 0
23.2038 62.6083 -150 -100 15 -0 0
23.5249 67.4243 -150 -100 15 -0 0
23.846 72.2404 -150 -100 15 -0 0
24.167 77.0564 -150 -100 15 -0 0.0981748
24.4674 77.0564 -150 -100 15 -0 0.0981748
24.7677 81.5325 -149.559 -100 15 -0 0.294524
25.068 85.8365 -148.254 -100 15 -0 0.490874
25.3684 89.8032 -146.133 -100 15 -0 0.687223
25.6687 93.28 -143.28 -100 15 -0 0.883573
25.969 96.1333 -139.803 -100 15 -0 1.07992
26.2694 98.2535 -135.837 -100 15 -0 1.27627
26.5697 99.5591 -131.532 -100 15 -0 1.47262
26.87 100 -127.056 -100 15 -0 1.5708
27.0955 100 -127.056 -100 15 -0 1.5708
27.321 100 -123.674 -100 15 -0 1.5708
27.5464 100 -120.292 -100 15 -0 1.5708
27.7719 100 -116.91 -100 15 -0 1.5708
27.9974 100 -113.528 -100 15 -0 1.5708
28.2228 100 -110.146 -100 15 -0 1.5708
28.4483 100 -106.764 -100 15 -0 1.5708
28.6738 100 -103.382 -100 15 -0 1.5708
28.8993 100 -100 -100 15 -0 1.5708
29.1076 100 -100 -100 15 -0 1.5708
29.3159 100 -96.875 -100 15 -0 1.5708
29.5243 100 -93.75 -100 15 -0 1.5708
29.7326 100 -90.625 -100 15 -0 1.5708
29.9409 100 -87.5 -100 15 -0 1.5708
30.1493 100 -84.375 -100 15 -0 1.5708
30.3576 100 -81.25 -100 15 -0 1.5708
30.5659 100 -78.125 -100 15 -0 1.5708
30.7743 100 -75 -100 15 -0 1.5708
30.9826 100 -71.875 -100 15 -0 1.5708
31.1909 100 -68.75 -100 15 -0 1.5708
31.3993 100 -65.625 -100 15 -0 1.5708
31.6076 100 -62.5 -100 15 -0 1.5708
31.8159 100 -59.375 -100 15 -0 1.5708
32.0243 100 -56.25 -100 15 -0 1.5708
32.2326 100 -53.125 -100 15 -0 1.5708
32.4409 100 -50 -100 15 -0 1.5708
32.6493 100 -50 -100 15 -0 1.5708
32.8576 100 -46.875 -100 15 -0 1.5708
33.0659 100 -43.75 -100 15 -0 1.5708
33.2743 100 -40.625 -100 15 -0 1.5708
33.4826 100 -37.5 -100 15 -0 1.5708
33.6909 100 -34.375 -100 15 -0 1.5708
33.8993 100 -31.25 -100 15 -0 1.5708
34.1076 100 -28.125 -100 15 -0 1.5708
34.3159 100 -25 -100 15 -0 1.5708
34.5243 100 -21.875 -100 15 -0 1.5708
34.7326 100 -18.75 -100 15 -0 1.5708
34.9409 100 -15.625 -100 15 -0 1.5708
35.1493 100 -12.5 -100 15 -0 1.5708
35.3576 100 -9.375 -100 15 -0 1.5708
35.5659 100 -6.25 -100 15 -0 1.5708
35.7743 100 -3.125 -100 15 -0 1.5708
35.9826 100 0 -100 15 -0 1.5708
36.1909 100 0 -100 15 -0 1.5708
36.3993 100 3.125 -100 15 -0 1.5708
36.6076 100 6.25 -100 15 -0 1.5708
36.8159 100 9.375 -100 15 -0 1.5708
37.0243 100 12.5 -100 15 -0 1.5708
37.2326 100 15.625 -100 15 -0 1.5708
37.4409 100 18.75 -100 15 -0 1.5708
37.6493 100 21.875 -100 15 -0 1.5708
37.8576 100 25 -100 15 -0 1.5708
38.0659 100 28.125 -100 15 -0 1.5708
38.2743 100 31.25 -100 15 -0 1.5708
38.4826 100 34.375 -100 15 -0 1.5708
38.6909 100 37.5 -100 15 -0 1.5708
38.8993 100 40.625 -100 15 -0 1.5708
39.1076 100 43.75 -100 15 -0 1.5708
39.3159 100 46.875 -100 15 -0 1.5708
39.5243 100 50 -100 15 -0 1.5708
39.7326 100 50 -100 15 -0 1.5708
39.9409 100 53.125 -100 15 -0 1.5708
40.1493 100 56.25 -100 15 -0 1.5708
40.3576 100 59.375 -100 15 -0 1.5708
40.5659 100 62.5 -100 15 -0 1.5708
40.7743 100 65.625 -100 15 -0 1.5708
40.9826 100 68.75 -100 15 -0 1.5708
41.1909 100 71.875 -100 15 -0 1.5708
41.3993 100 75 -100 15 -0 1.5708
41.6076 100 78.125 -100 15 -0 1.5708
41.8159 100 81.25 -100 15 -0 1.5708
42.0243 100 84.375 -100 15 -0 1.5708
42.2326 100 87.5 -100 15 -0 1.5708
42.4409 100 90.625 -100 15 -0 1.5708
42.6493 100 93.75 -100 15 -0 1.5708
42.8576 100 96.875 -100 15 -0 1.5708
43.0659 100 100 -100 15 -0 1.5708
43.2914 100 100 -100 15 -0 1.5708
43.5169 100 103.382 -100 15 -0 1.5708
43.7423 100 106.764 -100 15 -0 1.5708
43.9678 100 110.146 -100 15 -0 1.5708
44.1933 100 113.528 -100 15 -0 1.5708
44.4187 100 116.91 -100 15 -0 1.5708
44.6442 100 120.292 -100 15 -0 1.5708
44.8697 100 123.674 -100 15 -0 1.5708
45.0951 100 127.056 -100 15 -0 1.66897
45.3955 100 127.056 -100 15 -0 1.66897
45.6958 99.5591 131.532 -100 15 -0 1.86532
45.9961 98.2535 135.837 -100 15 -0 2.06167
46.2965 96.1333 139.803 -100 15 -0 2.25802
46.5968 93.28 143.28 -100 15 -0 2.45437
46.8971 89.8032 146.133 -100 15 -0 2.65072
47.1975 85.8365 148.254 -100 15 -0 2.84707
47.4978 81.5325 149.559 -100 15 -0 3.04342
47.7981 77.0564 150 -100 15 -0 3.14159
48.1192 77.0564 150 -100 15 -0 3.14159
48.4403 72.2404 150 -100 15 -0 3.14159
48.7613 67.4243 150 -100 15 -0 3.14159
49.0824 62.6083 150 -100 15 -0 3.14159
49.4035 57.7923 150 -100 15 -0 3.14159
49.7245 52.9763 150 -100 15 -0 3.14159
50.0456 48.1602 150 -100 15 -0 3.14159
50.3667 43.3442 150 -100 15 -0 3.14159
50.6877 38.5282 150 -100 15 -0 3.14159
51.0088 33.7122 150 -100 15 -0 3.14159
51.3299 28.8961 150 -100 15 -0 3.14159
51.6509 24.0801 150 -100 15 -0 3.14159
51.972 19.2641 150 -100 15 -0 3.14159
52.2931 14.4481 150 -100 15 -0 3.14159
52.6142 9.63205 150 -100 15 -0 3.14159
52.9352 4.81602 150 -100 15 -0 3.14159
53.2563 0 150 -100 15 -0 3.14159
53.5774 0 150 -100 15 -0 3.14159
53.8984 -4.81602 150 -100 15 -0 3.14159
54.2195 -9.63205 150 -100 15 -0 3.14159
54.5406 -14.4481 150 -100 15 -0 3.14159
54.8616 -19.2641 150 -100 15 -0 3.14159
55.1827 -24.0801 150 -100 15 -0 3.14159
55.5038 -28.8961 150 -100 15 -0 3.14159
55.8248 -33.7122 150 -100 15 -0 3.14159
56.1459 -38.5282 150 -100 15 -0 3.14159
56.467 -43.3442 150 -100 15 -0 3.14159
56.788 -48.1602 150 -100 15 -0 3.14159
57.1091 -52.9763 150 -100 15 -0 3.14159
57.4302 -57.7923 150 -100 15 -0 3.14159
57.7512 -62.6083 150 -100 15 -0 3.14159
58.0723 -67.4243 150 -100 15 -0 3.14159
58.3934 -72.2404 150 -100 15 -0 3.14159
58.7144 -77.0564 150 -100 15 -0 3.23977
59.0148 -77.0564 150 -100 15 -0 3.23977
59.3151 -81.5325 149.559 -100 15 -0 3.43612
59.6154 -85.8365 148.254 -100 15 -0 3.63247
59.9158 -89.8032 146.133 -100 15 -0 3.82882
60.2161 -93.28 143.28 -100 15 -0 4.02517
60.5164 -96.1333 139.803 -100 15 -0 4.22152
60.8168 -98.2535 135.837 -100 15 -0 4.41786
61.1171 -99.5591 131.532 -100 15 -0 4.61421
61.4174 -100 127.056 -100 15 -0 4.71239
61.6429 -100 127.056 -100 15 -0 4.71239
61.8684 -100 123.674 -100 15 -0 4.71239
62.0938 -100 120.292 -100 15 -0 4.71239
62.3193 -100 116.91 -100 15 -0 4.71239
62.5448 -100 113.528 -100 15 -0 4.71239
62.7702 -100 110.146 -100 15 -0 4.71239
62.9957 -100 106.764 -100 15 -0 4.71239
63.2212 -100 103.382 -100 15 -0 4.71239
63.4467 -100 100 -100 15 -0 4.71239
63.655 -100 100 -100 15 -0 4.71239
63.8633 -100 96.875 -100 15 -0 4.71239
64.0717 -100 93.75 -100 15 -0 4.71239
64.28 -100 90.625 -100 15 -0 4.71239
64.4883 -100 87.5 -100 15 -0 4.71239
64.6967 -100 84.375 -100 15 -0 4.71239
64.905 -100 81.25 -100 15 -0 4.71239
65.1133 -100 78.125 -100 15 -0 4.71239
65.3217 -100 75 -100 15 -0 4.71239
65.53 -100 71.875 -100 15 -0 4.71239
65.7383 -100 68.75 -100 15 -0 4.71239
65.9467 -100 65.625 -100 15 -0 4.71239
66.155 -100 62.5 -100 15 -0 4.71239
66.3633 -100 59.375 -100 15 -0 4.71239
66.5717 -100 56.25 -100 15 -0 4.71239
66.78 -100 53.125 -100 15 -0 4.71239
66.9883 -100 50 -100 15 -0 4.71239
67.1967 -100 50 -100 15 -0 4.71239
67.405 -100 46.875 -100 15 -0 4.71239
67.6133 -100 43.75 -100 15 -0 4.71239
67.8217 -100 40.625 -100 15 -0 4.71239
68.03 -100 37.5 -100 15 -0 4.71239
68.2383 -100 34.375 -100 15 -0 4.71239
68.4467 -100 31.25 -100 15 -0 4.71239
68.655 -100 28.125 -100 15 -0 4.71239
68.8633 -100 25 -100 15 -0 4.71239
69.0717 -100 21.875 -100 15 -0 4.71239
69.28 -100 18.75 -100 15 -0 4.71239
69.4883 -100 15.625 -100 15 -0 4.71239
69.6967 -100 12.5 -100 15 -0 4.71239
69.905 -100 9.375 -100 15 -0 4.71239
70.1133 -100 6.25 -100 15 -0 4.71239
70.3217 -100 3.125 -100 15 -0 4.71239
70.53 -100 0 -100 15 -0 4.71239
70.7383 -100 0 -100 15 -0 4.71239
70.9467 -100 -3.125 -100 15 -0 4.71239
71.155 -100 -6.25 -100 15 -0 4.71239
71.3633 -100 -9.375 -100 15 -0 4.71239
71.5717 -100 -12.5 -100 15 -0 4.71239
71.78 -100 -15.625 -100 15 -0 4.71239
71.9883 -100 -18.75 -100 15 -0 4.71239
72.1967 -100 -21.875 -100 15 -0 4.71239
72.405 -100 -25 -100 15 -0 4.71239
72.6133 -100 -28.125 -100 15 -0 4.71239
72.8217 -100 -31.25 -100 15 -0 4.71239
73.03 -100 -34.375 -100 15 -0 4.71239
73.2383 -100 -37.5 -100 15 -0 4.71239
73.4467 -100 -40.625 -100 15 -0 4.71239
73.655 -100 -43.75 -100 15 -0 4.71239
73.8633 -100 -46.875 -100 15 -0 4.71239
74.0717 -100 -50 -100 15 -0 4.71239
74.28 -100 -50 -100 15 -0 4.71239
74.4883 -100 -53.125 -100 15 -0 4.71239
74.6967 -100 -56.25 -100 15 -0 4.71239
74.905 -100 -59.375 -100 15 -0 4.71239
75.1133 -100 -62.5 -100 15 -0 4.71239
75.3217 -100 -65.625 -100 15 -0 4.71239
75.53 -100 -68.75 -100 15 -0 4.71239
75.7383 -100 -71.875 -100 15 -0 4.71239
75.9467 -100 -75 -100 15 -0 4.71239
76.155 -100 -78.125 -100 15 -0 4.71239
76.3633 -100 -81.25 -100 15 -0 4.71239
76.5717 -100 -84.375 -100 15 -0 4.71239
76.78 -100 -87.5 -100 15 -0 4.71239
76.9883 -100 -90.625 -100 15 -0 4.71239
77.1967 -100 -93.75 -100 15 -0 4.71239
77.405 -100 -96.875 -100 15 -0 4.71239
77.6133 -100 -100 -100 15 -0 4.71239
77.8388 -100 -100 -100 15 -0 4.71239
78.0643 -100 -103.382 -100 15 -0 4.71239
78.2897 -100 -106.764 -100 15 -0 4.71239
78.5152 -100 -110.146 -100 15 -0 4.71239
78.7407 -100 -113.528 -100 15 -0 4.71239
78.9661 -100 -116.91 -100 15 -0 4.71239
79.1916 -100 -120.292 -100 15 -0 4.71239
79.4171 -100 -123.674 -100 15 -0 4.71239
79.6426 -100 -127.056 -100 15 -0 4.81056
79.9429 -100 -127.056 -100 15 -0 4.81056
80.2432 -99.5591 -131.532 -100 15 -0 5.00691
80.5435 -98.2535 -135.837 -100 15 -0 5.20326
80.8439 -96.1333 -139.803 -100 15 -0 5.39961
81.1442 -93.28 -143.28 -100 15 -0 5.59596
81.4445 -89.8032 -146.133 -100 15 -0 5.79231
81.7449 -85.8365 -148.254 -100 15 -0 5.98866
82.0452 -81.5325 -149.559 -100 15 -0 6.18501
82.3455 -77.0564 -150 -100 15 -0 0
82.6666 -77.0564 -150 -100 15 -0 0
82.9877 -72.2404 -150 -100 15 -0 0
83.3087 -67.4243 -150 -100 15 -0 0
83.6298 -62.6083 -150 -100 15 -0 0
83.9509 -57.7923 -150 -100 15 -0 0
84.2719 -52.9763 -150 -100 15 -0 0
84.593 -48.1602 -150 -100 15 -0 0
84.9141 -43.3442 -150 -100 15 -0 0
85.2351 -38.5282 -150 -100 15 -0 0
85.5562 -33.7122 -150 -100 15 -0 0
85.8773 -28.8961 -150 -100 15 -0 0
86.1984 -24.0801 -150 -100 15 -0 0
86.5194 -19.2641 -150 -100 15 -0 0
86.8405 -14.4481 -150 -100 15 -0 0
87.1616 -9.63205 -150 -100 15 -0 0
87.4826 -4.81602 -150 -100 15 -0 0
