time x y z V_A gamma chi
0 -212.5 -50 -70 15 -0 0
0.45913 -212.5 -50 -70 15 -0 0
0.91826 -208.368 -50 -70 15 -0 0
1.37739 -204.236 -50 -70 15 -0 0
1.83652 -200.103 -50 -70 15 -0 0
2.29565 -195.971 -50 -70 15 -0 0
2.75478 -191.839 -50 -70 15 -0 0
3.21391 -187.707 -50 -70 15 -0 0
3.67304 -183.575 -50 -70 15 -0 0
4.13217 -179.443 -50 -70 15 0.0578143 6.03533
4.58859 -179.443 -50 -70 15 0.0578143 6.03533
5.04501 -175.436 -51.0139 -70.2392 15 0.207703 5.56971
5.50144 -172.025 -53.966 -71.1898 15 0.235545 5.35589
5.84755 -172.025 -53.966 -71.1898 15 0.235545 5.35589
6.19367 -169.868 -56.8431 -72.0529 15 0.235545 5.35589
6.53978 -167.71 -59.7203 -72.9161 15 0.235545 5.35589
6.8859 -165.552 -62.5974 -73.7792 15 0.235545 5.35589
7.23202 -163.394 -65.4745 -74.6424 15 0.235545 5.35589
7.57813 -161.236 -68.3516 -75.5055 15 0.235545 5.35589
7.92425 -159.078 -71.2288 -76.3686 15 0.235545 5.35589
8.27036 -156.921 -74.1059 -77.2318 15 0.235545 5.35589
8.61648 -154.763 -76.983 -78.0949 15 0.235545 5.35589
8.9626 -152.605 -79.8601 -78.958 15 0.235545 5.35589
9.30871 -150.447 -82.7373 -79.8212 15 0.235545 5.35589
9.65483 -148.289 -85.6144 -80.6843 15 0.235545 5.35589
10.0009 -146.131 -88.4915 -81.5475 15 0.235545 5.35589
10.3471 -143.974 -91.3686 -82.4106 15 0.235545 5.35589
10.6932 -141.816 -94.2458 -83.2737 15 0.235545 5.35589
11.0393 -139.658 -97.1229 -84.1369 15 0.235545 5.35589
11.3854 -137.5 -100 -85 15 0.235545 5.35589
11.7319 -137.5 -100 -85 15 0.235545 5.35589
12.0785 -135.34 -102.881 -85.8642 15 0.235545 5.35589
12.425 -133.179 -105.761 -86.7283 15 0.235545 5.35589
12.7715 -131.019 -108.642 -87.5925 15 0.235545 5.35589
13.1181 -128.858 -111.522 -88.4567 15 0.235545 5.35589
13.4646 -126.698 -114.403 -89.3209 15 0.235545 5.35589
13.8111 -124.537 -117.283 -90.185 15 0.235545 5.35589
14.1577 -122.377 -120.164 -91.0492 15 0.235545 5.35589
14.5042 -120.217 -123.045 -91.9134 15 0.235545 5.35589
14.8507 -118.056 -125.925 -92.7775 15 0.235545 5.35589
15.1973 -115.896 -128.806 -93.6417 15 0.235545 5.35589
15.5438 -113.735 -131.686 -94.5059 15 0.235545 5.35589
15.8903 -111.575 -134.567 -95.3701 15 0.235545 5.35589
16.2368 -109.414 -137.447 -96.2342 15 0.235545 5.35589
16.5834 -107.254 -140.328 -97.0984 15 0.235545 5.35589
16.9299 -105.094 -143.209 -97.9626 15 0.235545 5.35589
17.2764 -102.933 -146.089 -98.8268 15 0.210087 5.56406
17.7329 -102.933 -146.089 -98.8268 15 0.210087 5.56406
18.1893 -99.6082 -149 -99.7691 15 0.0571203 6.03302
18.6457 -95.6954 -150 -100 15 -0 0
18.978 -95.6954 -150 -100 15 -0 0
19.3103 -92.7049 -150 -100 15 -0 0
19.6425 -89.7145 -150 -100 15 -0 0
19.9748 -86.724 -150 -100 15 -0 0
20.3071 -83.7335 -150 -100 15 -0 0
20.6394 -80.743 -150 -100 15 -0 0
20.9716 -77.7525 -150 -100 15 -0 0
21.3039 -74.7621 -150 -100 15 -0 0
21.6362 -71.7716 -150 -100 15 -0 0
21.9685 -68.7811 -150 -100 15 -0 0
22.3007 -65.7906 -150 -100 15 -0 0
22.633 -62.8001 -150 -100 15 -0 0
22.9653 -59.8096 -150 -100 15 -0 0
23.2976 -56.8192 -150 -100 15 -0 0
23.6298 -53.8287 -150 -100 15 -0 0
23.9621 -50.8382 -150 -100 15 -0 0
24.2944 -47.8477 -150 -100 15 -0 0
24.6267 -44.8572 -150 -100 15 -0 0
24.9589 -41.8667 -150 -100 15 -0 0
25.2912 -38.8763 -150 -100 15 -0 0
25.6235 -35.8858 -150 -100 15 -0 0
25.9558 -32.8953 -150 -100 15 -0 0
26.288 -29.9048 -150 -100 15 -0 0
26.6203 -26.9143 -150 -100 15 -0 0
26.9526 -23.9239 -150 -100 15 -0 0
27.2849 -20.9334 -150 -100 15 -0 0
27.6171 -17.9429 -150 -100 15 -0 0
27.9494 -14.9524 -150 -100 15 -0 0
28.2817 -11.9619 -150 -100 15 -0 0
28.614 -8.97145 -150 -100 15 -0 0
28.9463 -5.98096 -150 -100 15 -0 0
29.2785 -2.99048 -150 -100 15 -0 0
29.6108 0 -150 -100 15 -0 0
29.922 0 -150 -100 15 -0 0
30.2331 2.80035 -150 -100 15 -0 0
30.5443 5.60069 -150 -100 15 -0 0
30.8554 8.40104 -150 -100 15 -0 0
31.1665 11.2014 -150 -100 15 -0 0
31.4777 14.0017 -150 -100 15 -0 0
31.7888 16.8021 -150 -100 15 -0 0
32.1 19.6024 -150 -100 15 -0 0
32.4111 22.4028 -150 -100 15 -0 0
32.7223 25.2031 -150 -100 15 -0 0
33.0334 28.0035 -150 -100 15 -0 0
33.3446 30.8038 -150 -100 15 -0 0
33.6557 33.6041 -150 -100 15 -0 0
33.9669 36.4045 -150 -100 15 -0 0
34.278 39.2048 -150 -100 15 -0 0
34.5892 42.0052 -150 -100 15 -0 0
34.9003 44.8055 -150 -100 15 -0 0
35.2115 47.6059 -150 -100 15 -0 0
35.5226 50.4062 -150 -100 15 -0 0
35.8338 53.2066 -150 -100 15 -0 0
36.1449 56.0069 -150 -100 15 -0 0
36.4561 58.8073 -150 -100 15 -0 0
36.7672 61.6076 -150 -100 15 -0 0
37.0784 64.4079 -150 -100 15 -0 0
37.3895 67.2083 -150 -100 15 -0 0
37.7007 70.0086 -150 -100 15 -0 0
38.0118 72.809 -150 -100 15 -0 0
38.323 75.6093 -150 -100 15 -0 0
38.6341 78.4097 -150 -100 15 -0 0
38.9453 81.21 -150 -100 15 -0 0
39.2564 84.0104 -150 -100 15 -0 0
39.5676 86.8107 -150 -100 15 -0 0
39.8787 89.6111 -150 -100 15 -0 0.240772
40.322 89.6111 -150 -100 15 -0 0.240772
40.7653 93.5081 -149.043 -100 15 -0 0.694561
41.2086 96.8582 -146.252 -100 15 -0 1.08803
41.4303 99.1601 -141.861 -100 15 -0 1.34251
41.6519 99.7843 -139.174 -100 15 -0 1.49755
41.8736 100 -136.234 -100 15 -0 1.5708
42.203 100 -136.234 -100 15 -0 1.5708
42.5325 100 -131.705 -100 15 -0 1.5708
42.8619 100 -127.175 -100 15 -0 1.5708
43.1914 100 -122.646 -100 15 -0 1.5708
43.5209 100 -118.117 -100 15 -0 1.5708
43.8503 100 -113.588 -100 15 -0 1.5708
44.1798 100 -109.058 -100 15 -0 1.5708
44.5092 100 -104.529 -100 15 -0 1.5708
44.8387 100 -100 -100 15 -0 1.5708
45.066 100 -100 -100 15 -0 1.5708
45.2933 100 -96.875 -100 15 -0 1.5708
45.5206 100 -93.75 -100 15 -0 1.5708
45.7479 100 -90.625 -100 15 -0 1.5708
45.9752 100 -87.5 -100 15 -0 1.5708
46.2025 100 -84.375 -100 15 -0 1.5708
46.4298 100 -81.25 -100 15 -0 1.5708
46.6571 100 -78.125 -100 15 -0 1.5708
46.8845 100 -75 -100 15 -0 1.5708
47.1118 100 -71.875 -100 15 -0 1.5708
47.3391 100 -68.75 -100 15 -0 1.5708
47.5664 100 -65.625 -100 15 -0 1.5708
47.7937 100 -62.5 -100 15 -0 1.5708
48.021 100 -59.375 -100 15 -0 1.5708
48.2483 100 -56.25 -100 15 -0 1.5708
48.4756 100 -53.125 -100 15 -0 1.5708
48.7029 100 -50 -100 15 -0 1.5708
48.9303 100 -50 -100 15 -0 1.5708
49.1576 100 -46.875 -100 15 -0 1.5708
49.3849 100 -43.75 -100 15 -0 1.5708
49.6122 100 -40.625 -100 15 -0 1.5708
49.8395 100 -37.5 -100 15 -0 1.5708
50.0668 100 -34.375 -100 15 -0 1.5708
50.2941 100 -31.25 -100 15 -0 1.5708
50.5214 100 -28.125 -100 15 -0 1.5708
50.7487 100 -25 -100 15 -0 1.5708
50.976 100 -21.875 -100 15 -0 1.5708
51.2034 100 -18.75 -100 15 -0 1.5708
51.4307 100 -15.625 -100 15 -0 1.5708
51.658 100 -12.5 -100 15 -0 1.5708
51.8853 100 -9.375 -100 15 -0 1.5708
52.1126 100 -6.25 -100 15 -0 1.5708
52.3399 100 -3.125 -100 15 -0 1.5708
52.5672 100 0 -100 15 -0 1.5708
52.7945 100 0 -100 15 -0 1.5708
53.0218 100 3.125 -100 15 -0 1.5708
53.2491 100 6.25 -100 15 -0 1.5708
53.4765 100 9.375 -100 15 -0 1.5708
53.7038 100 12.5 -100 15 -0 1.5708
53.9311 100 15.625 -100 15 -0 1.5708
54.1584 100 18.75 -100 15 -0 1.5708
54.3857 100 21.875 -100 15 -0 1.5708
54.613 100 25 -100 15 -0 1.5708
54.8403 100 28.125 -100 15 -0 1.5708
55.0676 100 31.25 -100 15 -0 1.5708
55.2949 100 34.375 -100 15 -0 1.5708
55.5223 100 37.5 -100 15 -0 1.5708
55.7496 100 40.625 -100 15 -0 1.5708
55.9769 100 43.75 -100 15 -0 1.5708
56.2042 100 46.875 -100 15 -0 1.5708
56.4315 100 50 -100 15 -0 1.5708
56.6588 100 50 -100 15 -0 1.5708
56.8861 100 53.125 -100 15 -0 1.5708
57.1134 100 56.25 -100 15 -0 1.5708
57.3407 100 59.375 -100 15 -0 1.5708
57.568 100 62.5 -100 15 -0 1.5708
57.7954 100 65.625 -100 15 -0 1.5708
58.0227 100 68.75 -100 15 -0 1.5708
58.25 100 71.875 -100 15 -0 1.5708
58.4773 100 75 -100 15 -0 1.5708
58.7046 100 78.125 -100 15 -0 1.5708
58.9319 100 81.25 -100 15 -0 1.5708
59.1592 100 84.375 -100 15 -0 1.5708
59.3865 100 87.5 -100 15 -0 1.5708
59.6138 100 90.625 -100 15 -0 1.5708
59.8411 100 93.75 -100 15 -0 1.5708
60.0685 100 96.875 -100 15 -0 1.5708
60.2958 100 100 -100 15 -0 1.5708
60.6209 100 100 -100 15 -0 1.5708
60.946 100 104.47 -100 15 -0 1.5708
61.2711 100 108.939 -100 15 -0 1.5708
61.5963 100 113.409 -100 15 -0 1.5708
61.9214 100 117.879 -100 15 -0 1.6322
62.1109 100 117.879 -100 15 -0 1.6322
62.3004 99.8359 120.548 -100 15 -0 1.74994
62.4899 99.3345 123.317 -100 15 -0 1.86244
62.6794 98.4861 126.143 -100 15 -0 1.97052
62.8689 97.2863 128.983 -100 15 -0 2.07488
63.0584 95.7359 131.793 -100 15 -0 2.1761
63.2479 93.8415 134.531 -100 15 -0 2.27467
63.4374 91.6144 137.155 -100 15 -0 2.37103
63.6269 89.0715 139.623 -100 15 -0 2.46553
63.8165 86.2344 141.899 -100 15 -0 2.55849
64.006 83.129 143.947 -100 15 -0 2.65018
64.1955 79.7856 145.737 -100 15 -0 2.74085
64.385 76.238 147.24 -100 15 -0 2.83071
64.5745 72.5231 148.433 -100 15 -0 2.91996
64.764 68.6805 149.299 -100 15 -0 3.00878
64.9535 64.7516 149.824 -100 15 -0 3.09735
65.143 60.7793 150 -100 15 -0 3.14159
65.3239 60.7793 150 -100 15 -0 3.14159
65.5048 56.9806 150 -100 15 -0 3.14159
65.6857 53.1819 150 -100 15 -0 3.14159
65.8666 49.3831 150 -100 15 -0 3.14159
66.0474 45.5844 150 -100 15 -0 3.14159
66.2283 41.7857 150 -100 15 -0 3.14159
66.4092 37.987 150 -100 15 -0 3.14159
66.5901 34.1883 150 -100 15 -0 3.14159
66.771 30.3896 150 -100 15 -0 3.14159
66.9519 26.5909 150 -100 15 -0 3.14159
67.1328 22.7922 150 -100 15 -0 3.14159
67.3137 18.9935 150 -100 15 -0 3.14159
67.4946 15.1948 150 -100 15 -0 3.14159
67.6755 11.3961 150 -100 15 -0 3.14159
67.8564 7.59741 150 -100 15 -0 3.14159
68.0372 3.7987 150 -100 15 -0 3.14159
68.2181 0 150 -100 15 -0 3.14159
68.399 0 150 -100 15 -0 3.14159
68.5799 -3.7987 150 -100 15 -0 3.14159
68.7608 -7.59741 150 -100 15 -0 3.14159
68.9417 -11.3961 150 -100 15 -0 3.14159
69.1226 -15.1948 150 -100 15 -0 3.14159
69.3035 -18.9935 150 -100 15 -0 3.14159
69.4844 -22.7922 150 -100 15 -0 3.14159
69.6653 -26.5909 150 -100 15 -0 3.14159
69.8462 -30.3896 150 -100 15 -0 3.14159
70.027 -34.1883 150 -100 15 -0 3.14159
70.2079 -37.987 150 -100 15 -0 3.14159
70.3888 -41.7857 150 -100 15 -0 3.14159
70.5697 -45.5844 150 -100 15 -0 3.14159
70.7506 -49.3831 150 -100 15 -0 3.14159
70.9315 -53.1819 150 -100 15 -0 3.14159
71.1124 -56.9806 150 -100 15 -0 3.14159
71.2933 -60.7793 150 -100 15 -0 3.18584
71.4828 -60.7793 150 -100 15 -0 3.18584
71.6723 -64.7516 149.824 -100 15 -0 3.27441
71.8618 -68.6805 149.299 -100 15 -0 3.36323
72.0513 -72.5231 148.433 -100 15 -0 3.45248
72.2408 -76.238 147.24 -100 15 -0 3.54234
72.4303 -79.7856 145.737 -100 15 -0 3.633
72.6198 -83.129 143.947 -100 15 -0 3.7247
72.8093 -86.2344 141.899 -100 15 -0 3.81766
72.9988 -89.0716 139.623 -100 15 -0 3.91216
73.1883 -91.6144 137.155 -100 15 -0 4.00851
73.3778 -93.8415 134.531 -100 15 -0 4.10709
73.5673 -95.7359 131.793 -100 15 -0 4.20831
73.7569 -97.2863 128.983 -100 15 -0 4.31266
73.9464 -98.4861 126.143 -100 15 -0 4.42074
74.1359 -99.3345 123.317 -100 15 -0 4.53325
74.3254 -99.8359 120.548 -100 15 -0 4.65099
74.5149 -100 117.879 -100 15 -0 4.71239
74.84 -100 117.879 -100 15 -0 4.71239
75.1651 -100 113.409 -100 15 -0 4.71239
75.4903 -100 108.939 -100 15 -0 4.71239
75.8154 -100 104.47 -100 15 -0 4.71239
76.1405 -100 100 -100 15 -0 4.71239
76.3678 -100 100 -100 15 -0 4.71239
76.5951 -100 96.875 -100 15 -0 4.71239
76.8224 -100 93.75 -100 15 -0 4.71239
77.0497 -100 90.625 -100 15 -0 4.71239
77.2771 -100 87.5 -100 15 -0 4.71239
77.5044 -100 84.375 -100 15 -0 4.71239
77.7317 -100 81.25 -100 15 -0 4.71239
77.959 -100 78.125 -100 15 -0 4.71239
78.1863 -100 75 -100 15 -0 4.71239
78.4136 -100 71.875 -100 15 -0 4.71239
78.6409 -100 68.75 -100 15 -0 4.71239
78.8682 -100 65.625 -100 15 -0 4.71239
79.0955 -100 62.5 -100 15 -0 4.71239
79.3228 -100 59.375 -100 15 -0 4.71239
79.5502 -100 56.25 -100 15 -0 4.71239
79.7775 -100 53.125 -100 15 -0 4.71239
80.0048 -100 50 -100 15 -0 4.71239
80.2321 -100 50 -100 15 -0 4.71239
80.4594 -100 46.875 -100 15 -0 4.71239
80.6867 -100 43.75 -100 15 -0 4.71239
80.914 -100 40.625 -100 15 -0 4.71239
81.1413 -100 37.5 -100 15 -0 4.71239
81.3686 -100 34.375 -100 15 -0 4.71239
81.596 -100 31.25 -100 15 -0 4.71239
81.8233 -100 28.125 -100 15 -0 4.71239
82.0506 -100 25 -100 15 -0 4.71239
82.2779 -100 21.875 -100 15 -0 4.71239
82.5052 -100 18.75 -100 15 -0 4.71239
82.7325 -100 15.625 -100 15 -0 4.71239
82.9598 -100 12.5 -100 15 -0 4.71239
83.1871 -100 9.375 -100 15 -0 4.71239
83.4144 -100 6.25 -100 15 -0 4.71239
83.6417 -100 3.125 -100 15 -0 4.71239
83.8691 -100 0 -100 15 -0 4.71239
84.0964 -100 0 -100 15 -0 4.71239
84.3237 -100 -3.125 -100 15 -0 4.71239
84.551 -100 -6.25 -100 15 -0 4.71239
84.7783 -100 -9.375 -100 15 -0 4.71239
85.0056 -100 -12.5 -100 15 -0 4.71239
85.2329 -100 -15.625 -100 15 -0 4.71239
85.4602 -100 -18.75 -100 15 -0 4.71239
85.6875 -100 -21.875 -100 15 -0 4.71239
85.9148 -100 -25 -100 15 -0 4.71239
86.1422 -100 -28.125 -100 15 -0 4.71239
86.3695 -100 -31.25 -100 15 -0 4.71239
86.5968 -100 -34.375 -100 15 -0 4.71239
86.8241 -100 -37.5 -100 15 -0 4.71239
87.0514 -100 -40.625 -100 15 -0 4.71239
87.2787 -100 -43.75 -100 15 -0 4.71239
87.506 -100 -46.875 -100 15 -0 4.71239
87.7333 -100 -50 -100 15 -0 4.71239
87.9606 -100 -50 -100 15 -0 4.71239
88.188 -100 -53.125 -100 15 -0 4.71239
88.4153 -100 -56.25 -100 15 -0 4.71239
88.6426 -100 -59.375 -100 15 -0 4.71239
88.8699 -100 -62.5 -100 15 -0 4.71239
89.0972 -100 -65.625 -100 15 -0 4.71239
89.3245 -100 -68.75 -100 15 -0 4.71239
89.5518 -100 -71.875 -100 15 -0 4.71239
89.7791 -100 -75 -100 15 -0 4.71239
90.0064 -100 -78.125 -100 15 -0 4.71239
90.2337 -100 -81.25 -100 15 -0 4.71239
90.4611 -100 -84.375 -100 15 -0 4.71239
90.6884 -100 -87.5 -100 15 -0 4.71239
90.9157 -100 -90.625 -100 15 -0 4.71239
91.143 -100 -93.75 -100 15 -0 4.71239
91.3703 -100 -96.875 -100 15 -0 4.71239
91.5976 -100 -100 -100 15 -0 4.71239
91.9271 -100 -100 -100 15 -0 4.71239
92.2565 -100 -104.529 -100 15 -0 4.71239
92.586 -100 -109.058 -100 15 -0 4.71239
92.9154 -100 -113.588 -100 15 -0 4.71239
93.2449 -100 -118.117 -100 15 -0 4.71239
93.5743 -100 -122.646 -100 15 -0 4.71239
93.9038 -100 -127.175 -100 15 -0 4.71239
94.2332 -100 -131.705 -100 15 -0 4.71239
94.5627 -100 -136.234 -100 15 -0 4.78563
94.7843 -100 -136.234 -100 15 -0 4.78563
95.006 -99.7843 -139.174 -100 15 -0 4.94068
95.4493 -99.1601 -141.861 -100 15 -0 5.19516
95.8926 -96.8582 -146.252 -100 15 -0 5.58862
96.3359 -93.5081 -149.043 -100 15 -0 6.04241
96.7792 -89.6111 -150 -100 15 -0 0
97.0903 -89.6111 -150 -100 15 -0 0
97.4015 -86.8107 -150 -100 15 -0 0
97.7126 -84.0104 -150 -100 15 -0 0
98.0238 -81.21 -150 -100 15 -0 0
98.3349 -78.4097 -150 -100 15 -0 0
98.6461 -75.6093 -150 -100 15 -0 0
98.9572 -72.809 -150 -100 15 -0 0
99.2684 -70.0086 -150 -100 15 -0 0
99.5795 -67.2083 -150 -100 15 -0 0
99.8907 -64.4079 -150 -100 15 -0 0
100.202 -61.6076 -150 -100 15 -0 0
100.513 -58.8073 -150 -100 15 -0 0
100.824 -56.0069 -150 -100 15 -0 0
101.135 -53.2066 -150 -100 15 -0 0
101.446 -50.4062 -150 -100 15 -0 0
101.758 -47.6059 -150 -100 15 -0 0
102.069 -44.8055 -150 -100 15 -0 0
102.38 -42.0052 -150 -100 15 -0 0
102.691 -39.2048 -150 -100 15 -0 0
103.002 -36.4045 -150 -100 15 -0 0
103.313 -33.6041 -150 -100 15 -0 0
103.624 -30.8038 -150 -100 15 -0 0
103.936 -28.0035 -150 -100 15 -0 0
104.247 -25.2031 -150 -100 15 -0 0
104.558 -22.4028 -150 -100 15 -0 0
104.869 -19.6024 -150 -100 15 -0 0
105.18 -16.8021 -150 -100 15 -0 0
105.491 -14.0017 -150 -100 15 -0 0
105.803 -11.2014 -150 -100 15 -0 0
106.114 -8.40104 -150 -100 15 -0 0
106.425 -5.60069 -150 -100 15 -0 0
106.736 -2.80035 -150 -100 15 -0 0
