time x y z V_A gamma chi
0 37.5 0 -30 15 -0 0
0.236544 37.5 0 -30 15 -0 0
0.473089 41.0482 0 -30 15 -0 0
0.709633 44.5963 0 -30 15 -0 0
0.946178 48.1445 0 -30 15 -0 0
1.18272 51.6927 0 -30 15 -0.000128466 6.27225
1.37496 51.6927 0 -30 15 -0.000128466 6.27225
1.56721 54.5761 -0.0315349 -29.9996 15 -0.000862964 6.25038
1.75945 57.4581 -0.126124 -29.9971 15 -0.002233 6.2285
1.95169 60.3373 -0.283723 -29.9907 15 -0.00413236 6.20663
2.14393 63.2124 -0.504256 -29.9788 15 -0.00645674 6.18476
2.33617 66.082 -0.787618 -29.9602 15 -0.00910375 6.16289
2.52841 68.9448 -1.13367 -29.9339 15 -0.0119729 6.14101
2.72065 71.7992 -1.54225 -29.8994 15 -0.0149656 6.11914
2.91289 74.6441 -2.01317 -29.8562 15 -0.0179853 6.09727
3.10514 77.478 -2.54619 -29.8044 15 -0.0209374 6.0754
3.29738 80.2995 -3.14106 -29.744 15 -0.023729 6.05352
3.48962 83.1074 -3.7975 -29.6755 15 -0.0262695 6.03165
3.68186 85.9002 -4.51519 -29.5998 15 -0.0284703 6.00978
3.8741 88.6766 -5.29379 -29.5177 15 -0.0302445 5.98791
4.06634 91.4354 -6.13293 -29.4304 15 -0.0315073 5.96603
4.25858 94.1752 -7.03221 -29.3395 15 -0.032176 5.94416
4.45083 96.8946 -7.99119 -29.2467 15 -0.0323081 5.93322
4.77729 96.8946 -7.99119 -29.2467 15 -0.0323081 5.93322
5.10375 101.492 -9.66929 -29.0885 15 -0.0323081 5.93322
5.43022 106.09 -11.3474 -28.9304 15 -0.0323081 5.93322
5.75668 110.688 -13.0255 -28.7722 15 -0.0323081 5.93322
6.08315 115.286 -14.7036 -28.614 15 -0.0323081 5.93322
6.40961 119.883 -16.3817 -28.4558 15 -0.0323081 5.93322
6.73607 124.481 -18.0598 -28.2976 15 -0.0323081 5.93322
7.06254 129.079 -19.7379 -28.1394 15 -0.0323081 5.93322
7.389 133.676 -21.416 -27.9813 15 -0.0323081 5.93322
7.69798 133.676 -21.416 -27.9813 15 -0.0323081 5.93322
8.00695 138.028 -23.0042 -27.8315 15 -0.0323081 5.93322
8.31593 142.379 -24.5924 -27.6818 15 -0.0323081 5.93322
8.62491 146.731 -26.1806 -27.5321 15 -0.0323081 5.93322
8.93388 151.082 -27.7689 -27.3824 15 -0.0323081 5.93322
9.24286 155.434 -29.3571 -27.2327 15 -0.0323081 5.93322
9.55183 159.785 -30.9453 -27.083 15 -0.0323081 5.93322
9.86081 164.137 -32.5335 -26.9333 15 -0.0323081 5.93322
10.1698 168.488 -34.1217 -26.7836 15 -0.0325058 5.89094
10.3483 168.488 -34.1217 -26.7836 15 -0.0325058 5.89094
10.5267 170.96 -35.1442 -26.6966 15 -0.0334842 5.80639
10.7052 173.336 -36.3719 -26.607 15 -0.0350546 5.72183
10.8837 175.601 -37.7958 -26.5132 15 -0.0368525 5.63727
11.0622 177.737 -39.406 -26.4146 15 -0.0385761 5.55271
11.2406 179.729 -41.1908 -26.3113 15 -0.0399862 5.46815
11.4191 181.564 -43.1375 -26.2043 15 -0.040906 5.38359
11.5976 183.228 -45.2322 -26.0948 15 -0.0412215 5.29904
11.7761 184.708 -47.4599 -25.9845 15 -0.0408808 5.21448
11.9546 185.996 -49.8047 -25.8751 15 -0.0398946 5.12992
12.133 187.081 -52.2499 -25.7683 15 -0.0383359 5.04536
12.3115 187.955 -54.7779 -25.6657 15 -0.0363401 4.9608
12.49 188.613 -57.3707 -25.5684 15 -0.0341054 4.87624
12.6685 189.049 -60.0099 -25.4772 15 -0.0318923 4.79169
12.8469 189.261 -62.6764 -25.3918 15 -0.0300243 4.70713
13.0254 189.247 -65.3514 -25.3115 15 -0.0288873 4.62257
13.2039 189.007 -68.0155 -25.2342 15 -0.0286597 4.58029
13.4023 189.007 -68.0155 -25.2342 15 -0.0286597 4.58029
13.6006 188.615 -70.9639 -25.1489 15 -0.0286597 4.58029
13.799 188.223 -73.9123 -25.0637 15 -0.0286597 4.58029
13.9974 187.831 -76.8606 -24.9784 15 -0.0286597 4.58029
14.1957 187.44 -79.809 -24.8931 15 -0.0286597 4.58029
14.3941 187.048 -82.7574 -24.8079 15 -0.0286597 4.58029
14.5925 186.656 -85.7057 -24.7226 15 -0.0286597 4.58029
14.7908 186.264 -88.6541 -24.6374 15 -0.0286597 4.58029
14.9892 185.873 -91.6025 -24.5521 15 -0.0286597 4.58029
15.1876 185.481 -94.5508 -24.4668 15 -0.0286597 4.58029
15.3859 185.089 -97.4992 -24.3816 15 -0.0286597 4.58029
15.5843 184.697 -100.448 -24.2963 15 -0.0286597 4.58029
15.7827 184.306 -103.396 -24.211 15 -0.0286597 4.58029
15.981 183.914 -106.344 -24.1258 15 -0.0286597 4.58029
16.1794 183.522 -109.293 -24.0405 15 -0.0286597 4.58029
16.3778 183.13 -112.241 -23.9552 15 -0.0286597 4.58029
16.5761 182.739 -115.189 -23.87 15 -0.0286597 4.58029
16.7745 182.347 -118.138 -23.7847 15 -0.0286597 4.58029
16.9729 181.955 -121.086 -23.6994 15 -0.0286597 4.58029
17.1712 181.563 -124.035 -23.6142 15 -0.0286597 4.58029
17.3696 181.172 -126.983 -23.5289 15 -0.0286597 4.58029
17.568 180.78 -129.931 -23.4436 15 -0.0286597 4.58029
17.7663 180.388 -132.88 -23.3584 15 -0.0286597 4.58029
17.9647 179.996 -135.828 -23.2731 15 -0.0286597 4.58029
18.1631 179.605 -138.776 -23.1878 15 -0.0286597 4.58029
18.3614 179.213 -141.725 -23.1026 15 -0.0286597 4.58029
18.5598 178.821 -144.673 -23.0173 15 -0.0286597 4.58029
18.7582 178.429 -147.621 -22.932 15 -0.0286597 4.58029
18.9565 178.038 -150.57 -22.8468 15 -0.0286597 4.58029
19.1549 177.646 -153.518 -22.7615 15 -0.0286597 4.58029
19.3533 177.254 -156.467 -22.6762 15 -0.0286597 4.58029
19.5516 176.862 -159.415 -22.591 15 -0.0286597 4.58029
19.75 176.471 -162.363 -22.5057 15 -0.0286597 4.58029
19.9629 176.471 -162.363 -22.5057 15 -0.0286597 4.58029
20.1758 176.05 -165.528 -22.4142 15 -0.0286597 4.58029
20.3887 175.63 -168.692 -22.3227 15 -0.0286597 4.58029
20.6016 175.209 -171.856 -22.2312 15 -0.0286597 4.58029
20.8144 174.789 -175.02 -22.1397 15 -0.0286597 4.58029
21.0273 174.368 -178.184 -22.0482 15 -0.0286597 4.58029
21.2402 173.948 -181.349 -21.9567 15 -0.0286597 4.58029
21.4531 173.528 -184.513 -21.8652 15 -0.0286597 4.58029
21.666 173.107 -187.677 -21.7737 15 -0.0286597 4.58029
21.8789 172.687 -190.841 -21.6821 15 -0.0286597 4.58029
22.0918 172.266 -194.006 -21.5906 15 -0.0286597 4.58029
22.3047 171.846 -197.17 -21.4991 15 -0.0286597 4.58029
22.5176 171.425 -200.334 -21.4076 15 -0.0286597 4.58029
22.7305 171.005 -203.498 -21.3161 15 -0.0286597 4.58029
22.9433 170.584 -206.662 -21.2246 15 -0.0286597 4.58029
23.1562 170.164 -209.827 -21.1331 15 -0.0286597 4.58029
23.3691 169.744 -212.991 -21.0416 15 -0.0286597 4.58029
23.582 169.323 -216.155 -20.9501 15 -0.0286597 4.58029
23.7949 168.903 -219.319 -20.8586 15 -0.0286597 4.58029
24.0078 168.482 -222.484 -20.7671 15 -0.0286597 4.58029
24.2207 168.062 -225.648 -20.6756 15 -0.0286597 4.58029
24.4336 167.641 -228.812 -20.584 15 -0.0286597 4.58029
24.6465 167.221 -231.976 -20.4925 15 -0.0286597 4.58029
24.8594 166.801 -235.141 -20.401 15 -0.0286597 4.58029
25.0722 166.38 -238.305 -20.3095 15 -0.0286597 4.58029
25.2851 165.96 -241.469 -20.218 15 -0.0286597 4.58029
25.498 165.539 -244.633 -20.1265 15 -0.0286597 4.58029
25.7109 165.119 -247.797 -20.035 15 -0.0286597 4.58029
25.9238 164.698 -250.962 -19.9435 15 -0.0286597 4.58029
26.1367 164.278 -254.126 -19.852 15 -0.0286597 4.58029
26.3496 163.857 -257.29 -19.7605 15 -0.0286597 4.58029
26.5625 163.437 -260.454 -19.669 15 -0.0286597 4.58029
26.7754 163.017 -263.619 -19.5775 15 -0.0288787 4.51785
27.0568 163.017 -263.619 -19.5775 15 -0.0288787 4.51785
27.3382 162.201 -267.756 -19.4557 15 -0.0296688 4.39297
27.6196 160.877 -271.759 -19.3305 15 -0.0303009 4.26809
27.901 159.065 -275.566 -19.2027 15 -0.0301136 4.14322
28.1824 156.793 -279.118 -19.0757 15 -0.0288558 4.01834
28.4638 154.096 -282.359 -18.954 15 -0.026686 3.89346
28.7452 151.016 -285.239 -18.8415 15 -0.0241732 3.76858
29.0266 147.601 -287.713 -18.7395 15 -0.0222968 3.6437
29.308 143.905 -289.742 -18.6455 15 -0.0218798 3.58126
29.5237 143.905 -289.742 -18.6455 15 -0.0218798 3.58126
29.7395 140.977 -291.119 -18.5747 15 -0.0218798 3.58126
29.9552 138.049 -292.496 -18.5039 15 -0.0218798 3.58126
30.171 135.121 -293.874 -18.4331 15 -0.0218798 3.58126
30.3868 132.194 -295.251 -18.3622 15 -0.0218798 3.58126
30.6025 129.266 -296.628 -18.2914 15 -0.0218798 3.58126
30.8183 126.338 -298.005 -18.2206 15 -0.0218798 3.58126
31.034 123.41 -299.382 -18.1498 15 -0.0218798 3.58126
31.2498 120.482 -300.76 -18.079 15 -0.0218798 3.58126
31.4656 117.554 -302.137 -18.0082 15 -0.0218798 3.58126
31.6813 114.626 -303.514 -17.9374 15 -0.0218798 3.58126
31.8971 111.698 -304.891 -17.8666 15 -0.0218798 3.58126
32.1128 108.77 -306.268 -17.7958 15 -0.0218798 3.58126
32.3286 105.843 -307.646 -17.725 15 -0.0218798 3.58126
32.5444 102.915 -309.023 -17.6542 15 -0.0218798 3.58126
32.7601 99.9867 -310.4 -17.5834 15 -0.0218798 3.58126
32.9759 97.0588 -311.777 -17.5126 15 -0.0218798 3.58126
33.2053 97.0588 -311.777 -17.5126 15 -0.0218798 3.58126
33.4348 93.9454 -313.242 -17.4373 15 -0.0218798 3.58126
33.6642 90.8319 -314.706 -17.362 15 -0.0218798 3.58126
33.8936 87.7185 -316.171 -17.2867 15 -0.0218798 3.58126
34.1231 84.6051 -317.635 -17.2114 15 -0.0218798 3.58126
34.3525 81.4916 -319.1 -17.1361 15 -0.0218798 3.58126
34.5819 78.3782 -320.564 -17.0608 15 -0.0218798 3.58126
34.8114 75.2647 -322.029 -16.9855 15 -0.0218798 3.58126
35.0408 72.1513 -323.493 -16.9102 15 -0.0218798 3.58126
35.2702 69.0378 -324.958 -16.8349 15 -0.0218798 3.58126
35.4997 65.9244 -326.422 -16.7596 15 -0.0218798 3.58126
35.7291 62.8109 -327.887 -16.6843 15 -0.0218798 3.58126
35.9585 59.6975 -329.351 -16.6091 15 -0.0218798 3.58126
36.188 56.5841 -330.816 -16.5338 15 -0.0218798 3.58126
36.4174 53.4706 -332.28 -16.4585 15 -0.0218798 3.58126
36.6468 50.3572 -333.745 -16.3832 15 -0.0218798 3.58126
36.8763 47.2437 -335.209 -16.3079 15 -0.0212207 3.52856
37.1138 47.2437 -335.209 -16.3079 15 -0.0212207 3.52856
37.3513 43.9469 -336.553 -16.2323 15 -0.0175682 3.42316
37.5888 40.527 -337.542 -16.1698 15 -0.0112573 3.31776
37.8263 37.022 -338.166 -16.1297 15 -0.00336549 3.21236
38.0638 33.4708 -338.418 -16.1177 15 0.00503694 3.10696
38.3013 29.9129 -338.294 -16.1356 15 0.0128876 3.00156
38.5388 26.3876 -337.798 -16.1815 15 0.0191332 2.89616
38.7763 22.9342 -336.933 -16.2497 15 0.0227305 2.79076
39.0138 19.591 -335.709 -16.3306 15 0.0233772 2.73806
39.2319 19.591 -335.709 -16.3306 15 0.0233772 2.73806
39.4501 16.5826 -334.425 -16.4071 15 0.0233772 2.73806
39.6682 13.5743 -333.14 -16.4836 15 0.0233772 2.73806
39.8863 10.566 -331.856 -16.56 15 0.0233772 2.73806
40.1045 7.55769 -330.571 -16.6365 15 0.0233772 2.73806
40.3226 4.54938 -329.287 -16.713 15 0.0233772 2.73806
40.5407 1.54106 -328.002 -16.7895 15 0.0233772 2.73806
40.7588 -1.46725 -326.718 -16.866 15 0.0233772 2.73806
40.977 -4.47557 -325.434 -16.9424 15 0.0233772 2.73806
41.1951 -7.48388 -324.149 -17.0189 15 0.0233772 2.73806
41.4132 -10.4922 -322.865 -17.0954 15 0.0233772 2.73806
41.6314 -13.5005 -321.58 -17.1719 15 0.0233772 2.73806
41.8495 -16.5088 -320.296 -17.2484 15 0.0233772 2.73806
42.0676 -19.5171 -319.012 -17.3249 15 0.0233772 2.73806
42.2857 -22.5255 -317.727 -17.4013 15 0.0233772 2.73806
42.5039 -25.5338 -316.443 -17.4778 15 0.0233772 2.73806
42.722 -28.5421 -315.158 -17.5543 15 0.0233772 2.73806
42.9401 -31.5504 -313.874 -17.6308 15 0.0233772 2.73806
43.1583 -34.5587 -312.589 -17.7073 15 0.0233772 2.73806
43.3764 -37.567 -311.305 -17.7837 15 0.0233772 2.73806
43.5945 -40.5753 -310.021 -17.8602 15 0.0233772 2.73806
43.8127 -43.5837 -308.736 -17.9367 15 0.0233772 2.73806
44.0308 -46.592 -307.452 -18.0132 15 0.0233772 2.73806
44.2489 -49.6003 -306.167 -18.0897 15 0.0233772 2.73806
44.467 -52.6086 -304.883 -18.1662 15 0.0233772 2.73806
44.6852 -55.6169 -303.598 -18.2426 15 0.0233772 2.73806
44.9033 -58.6252 -302.314 -18.3191 15 0.0233772 2.73806
45.1214 -61.6335 -301.03 -18.3956 15 0.0233772 2.73806
45.3396 -64.6419 -299.745 -18.4721 15 0.0233772 2.73806
45.5577 -67.6502 -298.461 -18.5486 15 0.0233772 2.73806
45.7758 -70.6585 -297.176 -18.625 15 0.0233772 2.73806
45.9939 -73.6668 -295.892 -18.7015 15 0.0233772 2.73806
46.2121 -76.6751 -294.607 -18.778 15 0.0233772 2.73806
46.4302 -79.6834 -293.323 -18.8545 15 0.0233772 2.73806
46.6483 -82.6917 -292.039 -18.931 15 0.0233772 2.73806
46.8665 -85.7001 -290.754 -19.0075 15 0.0233772 2.73806
47.0846 -88.7084 -289.47 -19.0839 15 0.0233772 2.73806
47.3027 -91.7167 -288.185 -19.1604 15 0.0233772 2.73806
47.5208 -94.725 -286.901 -19.2369 15 0.0233772 2.73806
47.739 -97.7333 -285.616 -19.3134 15 0.0233772 2.73806
47.9571 -100.742 -284.332 -19.3899 15 0.0233772 2.73806
48.1752 -103.75 -283.048 -19.4663 15 0.0233772 2.73806
48.3934 -106.758 -281.763 -19.5428 15 0.0233772 2.73806
48.6115 -109.767 -280.479 -19.6193 15 0.0233772 2.73806
48.8296 -112.775 -279.194 -19.6958 15 0.0233772 2.73806
49.0477 -115.783 -277.91 -19.7723 15 0.0233772 2.73806
49.2659 -118.792 -276.625 -19.8488 15 0.0233772 2.73806
49.484 -121.8 -275.341 -19.9252 15 0.0233772 2.73806
49.7021 -124.808 -274.057 -20.0017 15 0.0233772 2.73806
49.9203 -127.816 -272.772 -20.0782 15 0.0233772 2.73806
50.1384 -130.825 -271.488 -20.1547 15 0.0233772 2.73806
50.3565 -133.833 -270.203 -20.2312 15 0.0233772 2.73806
50.5746 -136.841 -268.919 -20.3076 15 0.0233772 2.73806
50.7928 -139.85 -267.635 -20.3841 15 0.0233772 2.73806
51.0109 -142.858 -266.35 -20.4606 15 0.0233772 2.73806
51.229 -145.866 -265.066 -20.5371 15 0.0233772 2.73806
51.4472 -148.875 -263.781 -20.6136 15 0.0233772 2.73806
51.6653 -151.883 -262.497 -20.6901 15 0.0233772 2.73806
51.8834 -154.891 -261.212 -20.7665 15 0.0233772 2.73806
52.1016 -157.9 -259.928 -20.843 15 0.0233772 2.73806
52.3197 -160.908 -258.644 -20.9195 15 0.0233772 2.73806
52.5378 -163.916 -257.359 -20.996 15 0.0233772 2.73806
52.7559 -166.925 -256.075 -21.0725 15 0.0233772 2.73806
52.9741 -169.933 -254.79 -21.1489 15 0.0233772 2.73806
53.1922 -172.941 -253.506 -21.2254 15 0.0233772 2.73806
53.4 -172.941 -253.506 -21.2254 15 0.0233772 2.73806
53.6079 -175.808 -252.282 -21.2983 15 0.0233772 2.73806
53.8157 -178.674 -251.058 -21.3712 15 0.0233772 2.73806
54.0236 -181.541 -249.834 -21.4441 15 0.0233772 2.73806
54.2314 -184.407 -248.61 -21.5169 15 0.0233772 2.73806
54.4393 -187.274 -247.386 -21.5898 15 0.0233772 2.73806
54.6471 -190.14 -246.162 -21.6627 15 0.0233772 2.73806
54.855 -193.007 -244.939 -21.7356 15 0.0233772 2.73806
55.0628 -195.874 -243.715 -21.8084 15 0.0233772 2.73806
55.2707 -198.74 -242.491 -21.8813 15 0.0233772 2.73806
55.4785 -201.607 -241.267 -21.9542 15 0.0233772 2.73806
55.6864 -204.473 -240.043 -22.0271 15 0.0233772 2.73806
55.8942 -207.34 -238.819 -22.1 15 0.0233772 2.73806
56.1021 -210.206 -237.595 -22.1728 15 0.0233772 2.73806
56.3099 -213.073 -236.371 -22.2457 15 0.0233772 2.73806
56.5178 -215.939 -235.147 -22.3186 15 0.0233772 2.73806
56.7256 -218.806 -233.924 -22.3915 15 0.0233772 2.73806
56.9335 -221.673 -232.7 -22.4643 15 0.0233772 2.73806
57.1413 -224.539 -231.476 -22.5372 15 0.0233772 2.73806
57.3492 -227.406 -230.252 -22.6101 15 0.0233772 2.73806
57.557 -230.272 -229.028 -22.683 15 0.0233772 2.73806
57.7649 -233.139 -227.804 -22.7559 15 0.0233772 2.73806
57.9727 -236.005 -226.58 -22.8287 15 0.0233772 2.73806
58.1806 -238.872 -225.356 -22.9016 15 0.0233772 2.73806
58.3884 -241.738 -224.132 -22.9745 15 0.0233772 2.73806
58.5963 -244.605 -222.908 -23.0474 15 0.0233772 2.73806
58.8041 -247.472 -221.685 -23.1202 15 0.0233772 2.73806
59.012 -250.338 -220.461 -23.1931 15 0.0233772 2.73806
59.2198 -253.205 -219.237 -23.266 15 0.0233772 2.73806
59.4277 -256.071 -218.013 -23.3389 15 0.0233772 2.73806
59.6355 -258.938 -216.789 -23.4118 15 0.0233772 2.73806
59.8434 -261.804 -215.565 -23.4846 15 0.0233772 2.73806
60.0512 -264.671 -214.341 -23.5575 15 0.0233772 2.73806
60.2591 -267.537 -213.117 -23.6304 15 0.0233772 2.73806
60.4669 -270.404 -211.893 -23.7033 15 0.0233772 2.73806
60.6748 -273.27 -210.669 -23.7761 15 0.0233772 2.73806
60.8826 -276.137 -209.446 -23.849 15 0.0233772 2.73806
61.0905 -279.004 -208.222 -23.9219 15 0.0233772 2.73806
61.2983 -281.87 -206.998 -23.9948 15 0.0233772 2.73806
61.5062 -284.737 -205.774 -24.0677 15 0.0233772 2.73806
61.714 -287.603 -204.55 -24.1405 15 0.0233772 2.73806
61.9219 -290.47 -203.326 -24.2134 15 0.0233772 2.73806
62.1297 -293.336 -202.102 -24.2863 15 0.0233772 2.73806
62.3376 -296.203 -200.878 -24.3592 15 0.0233772 2.73806
62.5454 -299.069 -199.654 -24.432 15 0.0233772 2.73806
62.7533 -301.936 -198.43 -24.5049 15 0.0233772 2.73806
62.9611 -304.803 -197.207 -24.5778 15 0.0233772 2.73806
63.169 -307.669 -195.983 -24.6507 15 0.0233772 2.73806
63.3768 -310.536 -194.759 -24.7236 15 0.0233772 2.73806
63.5847 -313.402 -193.535 -24.7964 15 0.0233772 2.73806
63.7925 -316.269 -192.311 -24.8693 15 0.0233772 2.73806
64.0004 -319.135 -191.087 -24.9422 15 0.0233772 2.73806
64.2082 -322.002 -189.863 -25.0151 15 0.0233772 2.73806
64.4161 -324.868 -188.639 -25.0879 15 0.0233772 2.73806
64.6239 -327.735 -187.415 -25.1608 15 0.0233772 2.73806
64.8318 -330.602 -186.192 -25.2337 15 0.0233772 2.73806
65.0396 -333.468 -184.968 -25.3066 15 0.0233772 2.73806
65.2475 -336.335 -183.744 -25.3795 15 0.0233772 2.73806
65.4553 -339.201 -182.52 -25.4523 15 0.0233772 2.73806
65.6632 -342.068 -181.296 -25.5252 15 0.0233772 2.73806
65.871 -344.934 -180.072 -25.5981 15 0.0233772 2.73806
66.0789 -347.801 -178.848 -25.671 15 0.0233772 2.73806
66.2867 -350.667 -177.624 -25.7438 15 0.0233772 2.73806
66.4946 -353.534 -176.4 -25.8167 15 0.0233772 2.73806
66.7024 -356.4 -175.176 -25.8896 15 0.0237449 2.78354
66.8728 -356.4 -175.176 -25.8896 15 0.0237449 2.78354
67.0432 -358.793 -174.281 -25.9503 15 0.0256702 2.87449
67.2136 -361.256 -173.607 -26.0158 15 0.0289211 2.96544
67.384 -363.771 -173.159 -26.0897 15 0.0329206 3.05639
67.5544 -366.316 -172.942 -26.1739 15 0.0371771 3.14734
67.7248 -368.871 -172.957 -26.2689 15 0.0412847 3.23829
67.8952 -371.413 -173.203 -26.3744 15 0.0449228 3.32924
68.0656 -373.922 -173.68 -26.4892 15 0.0478567 3.4202
68.236 -376.378 -174.382 -26.6115 15 0.0499366 3.51115
68.4063 -378.76 -175.305 -26.7392 15 0.0510978 3.6021
68.5767 -381.048 -176.44 -26.8698 15 0.0513607 3.69305
68.7471 -383.224 -177.778 -27.0011 15 0.05083 3.784
68.9175 -385.269 -179.309 -27.1311 15 0.0496957 3.87495
69.0879 -387.167 -181.018 -27.2581 15 0.0482326 3.9659
69.2583 -388.901 -182.894 -27.3814 15 0.0468007 4.05685
69.4287 -390.458 -184.918 -27.501 15 0.0458451 4.1478
69.5991 -391.825 -187.076 -27.6182 15 0.0456739 4.19328
69.8251 -391.825 -187.076 -27.6182 15 0.0456739 4.19328
70.0511 -393.505 -190.016 -27.773 15 0.0456739 4.19328
70.277 -395.185 -192.957 -27.9278 15 0.0456739 4.19328
70.503 -396.865 -195.897 -28.0825 15 0.0456739 4.19328
70.729 -398.545 -198.837 -28.2373 15 0.0456739 4.19328
70.9694 -398.545 -198.837 -28.2373 15 0.0456739 4.19328
71.2099 -400.332 -201.965 -28.402 15 0.0456739 4.19328
71.4503 -402.119 -205.093 -28.5666 15 0.0456739 4.19328
71.6907 -403.906 -208.221 -28.7313 15 0.0456739 4.19328
71.9311 -405.694 -211.349 -28.8959 15 0.0456523 4.23404
72.1032 -405.694 -211.349 -28.8959 15 0.0456523 4.23404
72.2753 -406.88 -213.637 -29.0137 15 0.0453858 4.31558
72.4474 -407.877 -216.015 -29.1308 15 0.0447039 4.39711
72.6195 -408.676 -218.466 -29.2461 15 0.0434832 4.47864
72.7916 -409.273 -220.973 -29.3583 15 0.0416428 4.56017
72.9636 -409.664 -223.522 -29.4657 15 0.0391446 4.6417
73.1357 -409.846 -226.093 -29.5666 15 0.0359936 4.72323
73.3078 -409.818 -228.671 -29.6595 15 0.0322373 4.80477
73.4799 -409.58 -231.238 -29.7426 15 0.0279662 4.8863
73.652 -409.134 -233.777 -29.8147 15 0.0233141 4.96783
73.8241 -408.483 -236.271 -29.8748 15 0.0184576 5.04936
73.9962 -407.631 -238.704 -29.9224 15 0.0136166 5.13089
74.1683 -406.583 -241.06 -29.9575 15 0.00905416 5.21243
74.3404 -405.347 -243.322 -29.9809 15 0.00507615 5.29396
74.5124 -403.931 -245.476 -29.994 15 0.00203144 5.37549
74.6845 -402.344 -247.508 -29.9992 15 0.000311714 5.45702
74.8566 -400.597 -249.403 -30 15 -0 5.49779
74.9129 -400.597 -249.403 -30 15 -0 5.49779
74.9692 -400 -250 -30 15 -0 5.49779
75.0169 -400 -250 -30 15 -0 5.49779
75.0647 -399.493 -250.507 -30 15 0.00011181 5.46304
75.2457 -399.493 -250.507 -30 15 0.00011181 5.46304
75.4268 -397.641 -252.492 -30.0003 15 0.000733707 5.39355
75.6079 -395.931 -254.602 -30.0023 15 0.00184839 5.32406
75.789 -394.372 -256.825 -30.0073 15 0.0033262 5.25457
75.97 -392.971 -259.151 -30.0163 15 0.0050498 5.18507
76.1511 -391.734 -261.569 -30.0301 15 0.00691414 5.11558
76.3322 -390.669 -264.067 -30.0488 15 0.0088265 5.04609
76.5133 -389.779 -266.632 -30.0728 15 0.0107065 4.9766
76.6943 -389.07 -269.254 -30.1019 15 0.012486 4.90711
76.8754 -388.545 -271.918 -30.1358 15 0.0141093 4.83762
77.0565 -388.206 -274.612 -30.1741 15 0.015533 4.76812
77.2375 -388.054 -277.324 -30.2163 15 0.016726 4.69863
77.4186 -388.092 -280.039 -30.2617 15 0.0176694 4.62914
77.5997 -388.317 -282.745 -30.3097 15 0.0183568 4.55965
77.7808 -388.731 -285.429 -30.3596 15 0.018794 4.49016
77.9618 -389.329 -288.078 -30.4106 15 0.0189992 4.42066
78.1429 -390.11 -290.679 -30.4622 15 0.019031 4.38592
78.4126 -390.11 -290.679 -30.4622 15 0.019031 4.38592
78.6824 -391.407 -294.51 -30.5392 15 0.019031 4.38592
78.9521 -392.705 -298.342 -30.6162 15 0.019031 4.38592
79.2218 -394.002 -302.173 -30.6932 15 0.019031 4.38592
79.4916 -395.299 -306.005 -30.7702 15 0.019031 4.38592
79.7613 -396.597 -309.836 -30.8472 15 0.019031 4.38592
80.031 -397.894 -313.668 -30.9242 15 0.019031 4.38592
80.3008 -399.191 -317.499 -31.0012 15 0.019031 4.38592
80.5705 -400.489 -321.331 -31.0782 15 0.019031 4.38592
80.8402 -401.786 -325.163 -31.1551 15 0.019031 4.38592
81.1099 -403.083 -328.994 -31.2321 15 0.019031 4.38592
81.3797 -404.381 -332.826 -31.3091 15 0.019031 4.38592
81.6494 -405.678 -336.657 -31.3861 15 0.019031 4.38592
81.9191 -406.975 -340.489 -31.4631 15 0.019031 4.38592
82.1889 -408.272 -344.32 -31.5401 15 0.019031 4.38592
82.4586 -409.57 -348.152 -31.6171 15 0.019031 4.38592
82.7283 -410.867 -351.983 -31.6941 15 0.019031 4.38592
82.9604 -410.867 -351.983 -31.6941 15 0.019031 4.38592
83.1924 -411.983 -355.28 -31.7603 15 0.019031 4.38592
83.4245 -413.099 -358.576 -31.8266 15 0.019031 4.38592
83.6565 -414.215 -361.872 -31.8928 15 0.019031 4.38592
83.8886 -415.331 -365.169 -31.9591 15 0.019031 4.38592
84.1206 -416.447 -368.465 -32.0253 15 0.019031 4.38592
84.3527 -417.564 -371.761 -32.0915 15 0.019031 4.38592
84.5847 -418.68 -375.057 -32.1578 15 0.019031 4.38592
84.8168 -419.796 -378.354 -32.224 15 0.019031 4.38592
85.0488 -420.912 -381.65 -32.2902 15 0.019031 4.38592
85.2809 -422.028 -384.946 -32.3565 15 0.019031 4.38592
85.5129 -423.144 -388.243 -32.4227 15 0.019031 4.38592
85.745 -424.26 -391.539 -32.489 15 0.019031 4.38592
85.977 -425.376 -394.835 -32.5552 15 0.019031 4.38592
86.2091 -426.492 -398.132 -32.6214 15 0.019031 4.38592
86.4411 -427.608 -401.428 -32.6877 15 0.019031 4.38592
86.6732 -428.724 -404.724 -32.7539 15 0.0195615 4.43661
86.8872 -428.724 -404.724 -32.7539 15 0.0195615 4.43661
87.1012 -429.598 -407.811 -32.8167 15 0.0223634 4.538
87.3152 -430.154 -410.97 -32.8884 15 0.0271094 4.63939
87.5292 -430.388 -414.17 -32.9754 15 0.0329726 4.74077
87.7432 -430.297 -417.377 -33.0812 15 0.039247 4.84216
87.9572 -429.882 -420.558 -33.2072 15 0.0453477 4.94355
88.1712 -429.147 -423.68 -33.3528 15 0.0508111 5.04494
88.3852 -428.1 -426.713 -33.5159 15 0.0552949 5.14632
88.5992 -426.751 -429.623 -33.6935 15 0.0585773 5.24771
88.8131 -425.115 -432.382 -33.8816 15 0.0605569 5.3491
89.0271 -423.207 -434.962 -34.0761 15 0.0612516 5.45048
89.2411 -421.049 -437.335 -34.2729 15 0.0607993 5.55187
89.4551 -418.661 -439.477 -34.4682 15 0.0594569 5.65326
89.6691 -416.069 -441.367 -34.6591 15 0.0576015 5.75465
89.8831 -413.299 -442.985 -34.8441 15 0.0557304 5.85603
90.0971 -410.379 -444.314 -35.0231 15 0.0544615 5.95742
90.3111 -407.34 -445.341 -35.198 15 0.0542531 6.00811
90.5839 -407.34 -445.341 -35.198 15 0.0542531 6.00811
90.8567 -403.407 -446.45 -35.4198 15 0.0542531 6.00811
91.1295 -399.475 -447.56 -35.6417 15 0.0542531 6.00811
91.4023 -395.543 -448.67 -35.8636 15 0.0542531 6.00811
91.6751 -391.611 -449.78 -36.0855 15 0.0542531 6.00811
91.9478 -387.679 -450.889 -36.3074 15 0.0542531 6.00811
92.2206 -383.747 -451.999 -36.5293 15 0.0542531 6.00811
92.4934 -379.815 -453.109 -36.7511 15 0.0542531 6.00811
92.7662 -375.882 -454.219 -36.973 15 0.0542531 6.00811
92.9823 -375.882 -454.219 -36.973 15 0.0542531 6.00811
93.1983 -372.768 -455.098 -37.1488 15 0.0542531 6.00811
93.4144 -369.653 -455.977 -37.3245 15 0.0542531 6.00811
93.6304 -366.539 -456.856 -37.5002 15 0.0542531 6.00811
93.8465 -363.425 -457.735 -37.676 15 0.0542531 6.00811
94.0625 -360.31 -458.614 -37.8517 15 0.0542531 6.00811
94.2786 -357.196 -459.493 -38.0275 15 0.0542531 6.00811
94.4947 -354.081 -460.372 -38.2032 15 0.0542531 6.00811
94.7107 -350.967 -461.251 -38.3789 15 0.05405 6.05277
94.9865 -350.967 -461.251 -38.3789 15 0.05405 6.05277
95.2624 -346.946 -462.194 -38.6024 15 0.0527327 6.14208
95.5382 -342.857 -462.775 -38.8204 15 0.0501357 6.23138
95.814 -338.733 -462.988 -39.0276 15 0.0463263 0.037506
96.0899 -334.605 -462.834 -39.2191 15 0.0414012 0.126814
96.3657 -330.509 -462.311 -39.3902 15 0.0354865 0.216122
96.6415 -326.475 -461.426 -39.5368 15 0.0287381 0.30543
96.9174 -322.536 -460.184 -39.6555 15 0.0213418 0.394738
97.1932 -318.723 -458.595 -39.7437 15 0.0135136 0.484046
97.469 -315.068 -456.673 -39.7995 15 0.0054994 0.573354
97.7449 -311.598 -454.433 -39.8222 15 -0.00242501 0.662663
98.0207 -308.342 -451.892 -39.8122 15 -0.00995439 0.751971
98.2965 -305.326 -449.071 -39.7711 15 -0.0167543 0.841279
98.5724 -302.573 -445.992 -39.7019 15 -0.0224615 0.930587
98.8482 -300.106 -442.68 -39.6091 15 -0.0266838 1.01989
99.124 -297.944 -439.161 -39.4988 15 -0.0290002 1.1092
99.3999 -296.105 -435.463 -39.379 15 -0.0293717 1.15386
99.7193 -296.105 -435.463 -39.379 15 -0.0293717 1.15386
100.039 -294.165 -431.084 -39.2383 15 -0.0293717 1.15386
100.358 -292.226 -426.705 -39.0976 15 -0.0293717 1.15386
100.678 -290.286 -422.326 -38.9569 15 -0.0293717 1.15386
100.997 -288.347 -417.946 -38.8162 15 -0.0293717 1.15386
101.316 -286.407 -413.567 -38.6755 15 -0.0293717 1.15386
101.636 -284.467 -409.188 -38.5347 15 -0.0293717 1.15386
101.955 -282.528 -404.809 -38.394 15 -0.0293717 1.15386
102.275 -280.588 -400.43 -38.2533 15 -0.0293717 1.15386
102.459 -280.588 -400.43 -38.2533 15 -0.0293717 1.15386
102.642 -279.472 -397.911 -38.1724 15 -0.0293717 1.15386
102.826 -278.357 -395.391 -38.0914 15 -0.0293717 1.15386
103.01 -277.241 -392.872 -38.0105 15 -0.0293717 1.15386
103.194 -276.125 -390.353 -37.9295 15 -0.0293717 1.15386
103.377 -275.01 -387.834 -37.8486 15 -0.0293717 1.15386
103.561 -273.894 -385.315 -37.7676 15 -0.0293717 1.15386
103.745 -272.778 -382.796 -37.6867 15 -0.0293717 1.15386
103.929 -271.662 -380.277 -37.6057 15 -0.0293717 1.15386
104.112 -270.547 -377.757 -37.5248 15 -0.0293717 1.15386
104.296 -269.431 -375.238 -37.4438 15 -0.0293717 1.15386
104.48 -268.315 -372.719 -37.3629 15 -0.0293717 1.15386
104.664 -267.199 -370.2 -37.282 15 -0.0293717 1.15386
104.847 -266.084 -367.681 -37.201 15 -0.0293717 1.15386
105.031 -264.968 -365.162 -37.1201 15 -0.0293717 1.15386
105.215 -263.852 -362.643 -37.0391 15 -0.0293717 1.15386
105.399 -262.736 -360.124 -36.9582 15 -0.0296269 1.19643
105.639 -262.736 -360.124 -36.9582 15 -0.0296269 1.19643
105.88 -261.417 -356.766 -36.8513 15 -0.0309301 1.28158
106.121 -260.388 -353.308 -36.7396 15 -0.0330849 1.36673
106.361 -259.657 -349.775 -36.6202 15 -0.0356613 1.45188
106.602 -259.229 -346.193 -36.4915 15 -0.0382975 1.53703
106.843 -259.107 -342.587 -36.3533 15 -0.0407003 1.62218
107.083 -259.293 -338.985 -36.2064 15 -0.0426453 1.70733
107.324 -259.784 -335.411 -36.0524 15 -0.0439763 1.79247
107.565 -260.577 -331.891 -35.8937 15 -0.0446055 1.87762
107.806 -261.666 -328.452 -35.7327 15 -0.0445132 1.96277
108.046 -263.045 -325.118 -35.572 15 -0.0437481 2.04792
108.287 -264.701 -321.913 -35.414 15 -0.042427 2.13307
108.528 -266.625 -318.861 -35.2609 15 -0.0407349 2.21822
108.768 -268.801 -315.983 -35.1138 15 -0.0389254 2.30337
109.009 -271.213 -313.301 -34.9733 15 -0.0373204 2.38852
109.25 -273.845 -310.834 -34.8386 15 -0.0363104 2.47367
109.49 -276.678 -308.6 -34.7076 15 -0.0361121 2.51624
109.69 -276.678 -308.6 -34.7076 15 -0.0361121 2.51624
109.89 -279.109 -306.844 -34.5993 15 -0.0361121 2.51624
110.09 -281.54 -305.089 -34.4909 15 -0.0361121 2.51624
110.29 -283.971 -303.334 -34.3826 15 -0.0361121 2.51624
110.49 -286.402 -301.579 -34.2743 15 -0.0361121 2.51624
110.69 -288.833 -299.824 -34.166 15 -0.0361121 2.51624
110.89 -291.263 -298.069 -34.0576 15 -0.0361121 2.51624
111.09 -293.694 -296.313 -33.9493 15 -0.0361121 2.51624
111.291 -296.125 -294.558 -33.841 15 -0.0361121 2.51624
111.491 -298.556 -292.803 -33.7327 15 -0.0361121 2.51624
111.691 -300.987 -291.048 -33.6243 15 -0.0361121 2.51624
111.891 -303.418 -289.293 -33.516 15 -0.0361121 2.51624
112.091 -305.849 -287.537 -33.4077 15 -0.0361121 2.51624
112.291 -308.28 -285.782 -33.2994 15 -0.0361121 2.51624
112.491 -310.711 -284.027 -33.191 15 -0.0361121 2.51624
112.691 -313.142 -282.272 -33.0827 15 -0.0361121 2.51624
112.891 -315.573 -280.517 -32.9744 15 -0.0361121 2.51624
113.134 -315.573 -280.517 -32.9744 15 -0.0361121 2.51624
113.378 -318.533 -278.379 -32.8425 15 -0.0361121 2.51624
113.621 -321.493 -276.242 -32.7106 15 -0.0361121 2.51624
113.865 -324.453 -274.105 -32.5787 15 -0.0361121 2.51624
114.108 -327.413 -271.968 -32.4468 15 -0.0361121 2.51624
114.352 -330.373 -269.83 -32.3149 15 -0.0361121 2.51624
114.596 -333.333 -267.693 -32.183 15 -0.0361121 2.51624
114.839 -336.294 -265.556 -32.0511 15 -0.0361121 2.51624
115.083 -339.254 -263.419 -31.9192 15 -0.0361121 2.51624
115.326 -342.214 -261.281 -31.7873 15 -0.0361121 2.51624
115.57 -345.174 -259.144 -31.6554 15 -0.0361121 2.51624
115.813 -348.134 -257.007 -31.5235 15 -0.0361121 2.51624
116.057 -351.094 -254.87 -31.3916 15 -0.0361121 2.51624
116.301 -354.054 -252.733 -31.2597 15 -0.0361121 2.51624
116.544 -357.014 -250.595 -31.1277 15 -0.0361121 2.51624
116.788 -359.974 -248.458 -30.9958 15 -0.0361121 2.51624
117.031 -362.934 -246.321 -30.8639 15 -0.0361103 2.60441
117.362 -362.934 -246.321 -30.8639 15 -0.0361103 2.60441
117.692 -367.184 -243.79 -30.6853 15 -0.0353554 2.78076
118.022 -371.811 -242.044 -30.5103 15 -0.032867 2.9571
118.353 -376.673 -241.136 -30.3477 15 -0.0281751 3.13344
118.683 -381.619 -241.096 -30.2083 15 -0.0214672 3.30979
119.013 -386.495 -241.924 -30.1021 15 -0.0135895 3.48613
119.344 -391.15 -243.595 -30.0349 15 -0.00604874 3.66248
119.674 -395.44 -246.056 -30.005 15 -0.00101114 3.83882
120.005 -399.232 -249.232 -30 15 -0 3.92699
120.077 -399.232 -249.232 -30 15 -0 3.92699
120.149 -400 -250 -30 15 -0 3.92699
120.431 -400 -250 -30 15 -0 3.92699
120.713 -402.987 -252.987 -30 15 -1.66878e-005 3.93421
120.885 -402.987 -252.987 -30 15 -1.66878e-005 3.93421
121.057 -404.802 -254.828 -30 15 -0.000112334 3.94865
121.23 -406.59 -256.695 -29.9997 15 -0.000291355 3.96309
121.402 -408.351 -258.588 -29.9989 15 -0.000540458 3.97753
121.574 -410.084 -260.507 -29.9975 15 -0.000846458 3.99197
121.747 -411.79 -262.45 -29.9953 15 -0.00119628 4.00641
121.919 -413.467 -264.417 -29.9922 15 -0.00157694 4.02085
122.092 -415.116 -266.409 -29.9882 15 -0.00197558 4.03529
122.264 -416.736 -268.424 -29.983 15 -0.00237944 4.04973
122.436 -418.327 -270.462 -29.9769 15 -0.00277587 4.06417
122.609 -419.888 -272.523 -29.9697 15 -0.00315231 4.07861
122.781 -421.419 -274.606 -29.9616 15 -0.00349633 4.09305
122.953 -422.919 -276.711 -29.9525 15 -0.00379559 4.10749
123.126 -424.39 -278.838 -29.9427 15 -0.00403787 4.12193
123.298 -425.829 -280.986 -29.9323 15 -0.00421104 4.13637
123.47 -427.237 -283.154 -29.9214 15 -0.00430308 4.15081
123.643 -428.614 -285.342 -29.9103 15 -0.00431909 4.15803
123.894 -428.614 -285.342 -29.9103 15 -0.00431909 4.15803
124.145 -430.597 -288.545 -29.894 15 -0.00431909 4.15803
124.396 -432.58 -291.748 -29.8777 15 -0.00431909 4.15803
124.647 -434.563 -294.952 -29.8615 15 -0.00431909 4.15803
124.899 -436.547 -298.155 -29.8452 15 -0.00431909 4.15803
125.15 -438.53 -301.358 -29.8289 15 -0.00431909 4.15803
125.401 -440.513 -304.561 -29.8126 15 -0.00431909 4.15803
125.652 -442.496 -307.764 -29.7964 15 -0.00431909 4.15803
125.903 -444.479 -310.967 -29.7801 15 -0.00431909 4.15803
126.154 -446.462 -314.17 -29.7638 15 -0.00431909 4.15803
126.406 -448.445 -317.374 -29.7476 15 -0.00431909 4.15803
126.657 -450.428 -320.577 -29.7313 15 -0.00431909 4.15803
126.908 -452.412 -323.78 -29.715 15 -0.00431909 4.15803
127.159 -454.395 -326.983 -29.6987 15 -0.00431909 4.15803
127.41 -456.378 -330.186 -29.6825 15 -0.00431909 4.15803
127.661 -458.361 -333.389 -29.6662 15 -0.00431909 4.15803
127.912 -460.344 -336.592 -29.6499 15 -0.00431909 4.15803
128.164 -462.327 -339.796 -29.6336 15 -0.00431909 4.15803
128.415 -464.31 -342.999 -29.6174 15 -0.00431909 4.15803
128.666 -466.293 -346.202 -29.6011 15 -0.00431909 4.15803
128.917 -468.277 -349.405 -29.5848 15 -0.00431909 4.15803
129.168 -470.26 -352.608 -29.5686 15 -0.00431909 4.15803
129.419 -472.243 -355.811 -29.5523 15 -0.00431909 4.15803
129.671 -474.226 -359.014 -29.536 15 -0.00431909 4.15803
129.922 -476.209 -362.218 -29.5197 15 -0.00431909 4.15803
130.173 -478.192 -365.421 -29.5035 15 -0.00431909 4.15803
130.424 -480.175 -368.624 -29.4872 15 -0.00431909 4.15803
130.675 -482.159 -371.827 -29.4709 15 -0.00431909 4.15803
130.926 -484.142 -375.03 -29.4547 15 -0.00431909 4.15803
131.178 -486.125 -378.233 -29.4384 15 -0.00431909 4.15803
131.429 -488.108 -381.436 -29.4221 15 -0.00431909 4.15803
131.68 -490.091 -384.64 -29.4058 15 -0.00431909 4.15803
131.931 -492.074 -387.843 -29.3896 15 -0.00431909 4.15803
132.166 -492.074 -387.843 -29.3896 15 -0.00431909 4.15803
132.401 -493.931 -390.842 -29.3743 15 -0.00431909 4.15803
132.637 -495.788 -393.841 -29.3591 15 -0.00431909 4.15803
132.872 -497.645 -396.84 -29.3439 15 -0.00431909 4.15803
133.107 -499.502 -399.839 -29.3286 15 -0.00431909 4.15803
133.342 -501.358 -402.839 -29.3134 15 -0.00431909 4.15803
133.577 -503.215 -405.838 -29.2982 15 -0.00431909 4.15803
133.812 -505.072 -408.837 -29.2829 15 -0.00431909 4.15803
134.048 -506.929 -411.836 -29.2677 15 -0.00431909 4.15803
134.283 -508.786 -414.835 -29.2525 15 -0.00431909 4.15803
134.518 -510.643 -417.835 -29.2372 15 -0.00431909 4.15803
134.753 -512.499 -420.834 -29.222 15 -0.00431909 4.15803
134.988 -514.356 -423.833 -29.2067 15 -0.00431909 4.15803
135.223 -516.213 -426.832 -29.1915 15 -0.00431909 4.15803
135.459 -518.07 -429.831 -29.1763 15 -0.00431909 4.15803
135.694 -519.927 -432.83 -29.161 15 -0.00431909 4.15803
135.929 -521.784 -435.83 -29.1458 15 -0.00431909 4.15803
136.164 -523.641 -438.829 -29.1306 15 -0.00431909 4.15803
136.399 -525.497 -441.828 -29.1153 15 -0.00431909 4.15803
136.634 -527.354 -444.827 -29.1001 15 -0.00431909 4.15803
136.87 -529.211 -447.826 -29.0849 15 -0.00431909 4.15803
137.105 -531.068 -450.826 -29.0696 15 -0.00431909 4.15803
137.34 -532.925 -453.825 -29.0544 15 -0.00431909 4.15803
137.575 -534.782 -456.824 -29.0392 15 -0.00431909 4.15803
137.81 -536.639 -459.823 -29.0239 15 -0.00431909 4.15803
138.045 -538.495 -462.822 -29.0087 15 -0.00431909 4.15803
138.28 -540.352 -465.822 -28.9935 15 -0.00431909 4.15803
138.516 -542.209 -468.821 -28.9782 15 -0.00431909 4.15803
138.751 -544.066 -471.82 -28.963 15 -0.00431909 4.15803
138.986 -545.923 -474.819 -28.9477 15 -0.00431909 4.15803
139.221 -547.78 -477.818 -28.9325 15 -0.00431909 4.15803
139.456 -549.637 -480.817 -28.9173 15 -0.00431909 4.15803
139.691 -551.493 -483.817 -28.902 15 -0.00378105 4.20751
139.877 -551.493 -483.817 -28.902 15 -0.00378105 4.20751
140.062 -552.838 -486.249 -28.8915 15 -0.000827395 4.30646
140.248 -553.935 -488.803 -28.8892 15 0.00433584 4.40541
140.433 -554.775 -491.453 -28.9013 15 0.0109778 4.50436
140.618 -555.349 -494.172 -28.9318 15 0.0184564 4.60331
140.804 -555.652 -496.935 -28.9831 15 0.0262188 4.70226
140.989 -555.68 -499.714 -29.056 15 0.0338019 4.80121
141.175 -555.434 -502.483 -29.15 15 0.0408324 4.90016
141.36 -554.915 -505.214 -29.2635 15 0.0470274 4.99911
141.545 -554.129 -507.88 -29.3943 15 0.0521938 5.09806
141.731 -553.083 -510.455 -29.5396 15 0.0562281 5.19701
141.916 -551.788 -512.914 -29.696 15 0.0591159 5.29596
142.101 -550.257 -515.234 -29.8605 15 0.0609315 5.39491
142.287 -548.503 -517.391 -30.0301 15 0.0618378 5.49386
142.472 -546.546 -519.364 -30.2022 15 0.0620865 5.59281
142.658 -544.403 -521.134 -30.375 15 0.0620178 5.69176
142.843 -542.095 -522.684 -30.5476 15 0.062074 5.74124
143.142 -542.095 -522.684 -30.5476 15 0.062074 5.74124
143.441 -538.263 -524.991 -30.8256 15 0.062074 5.74124
143.739 -534.43 -527.299 -31.1037 15 0.062074 5.74124
144.038 -530.597 -529.606 -31.3817 15 0.062074 5.74124
144.337 -526.765 -531.914 -31.6598 15 0.062074 5.74124
144.543 -526.765 -531.914 -31.6598 15 0.062074 5.74124
144.749 -524.123 -533.505 -31.8515 15 0.062074 5.74124
144.955 -521.48 -535.096 -32.0432 15 0.062074 5.74124
145.161 -518.838 -536.686 -32.2349 15 0.062074 5.74124
145.367 -516.196 -538.277 -32.4266 15 0.0622277 5.801
145.559 -516.196 -538.277 -32.4266 15 0.0622277 5.801
145.75 -513.656 -539.607 -32.6052 15 0.062693 5.92054
145.942 -510.975 -540.624 -32.7852 15 0.0630327 6.04007
146.134 -508.192 -541.314 -32.9662 15 0.0627164 6.1596
146.325 -505.347 -541.668 -33.1462 15 0.0613394 6.27914
146.517 -502.48 -541.679 -33.3223 15 0.0586221 0.115485
146.708 -499.632 -541.349 -33.4906 15 0.05441 0.235019
146.9 -496.843 -540.681 -33.6467 15 0.0486736 0.354553
147.092 -494.154 -539.686 -33.7864 15 0.0415091 0.474086
147.283 -491.603 -538.377 -33.9055 15 0.0331394 0.59362
147.475 -489.227 -536.773 -34.0005 15 0.0239142 0.713154
147.667 -487.058 -534.897 -34.0691 15 0.0143112 0.832687
147.858 -485.129 -532.776 -34.1102 15 0.00493528 0.952221
148.05 -483.466 -530.44 -34.1243 15 -0.00348194 1.07175
148.241 -482.094 -527.923 -34.1143 15 -0.0100832 1.19129
148.433 -481.032 -525.26 -34.0854 15 -0.0138863 1.31082
148.625 -480.295 -522.489 -34.0456 15 -0.0145493 1.37059
148.879 -480.295 -522.489 -34.0456 15 -0.0145493 1.37059
149.133 -479.537 -518.752 -33.9901 15 -0.0145493 1.37059
149.387 -478.778 -515.015 -33.9346 15 -0.0145493 1.37059
149.642 -478.02 -511.278 -33.8792 15 -0.0145493 1.37059
149.896 -477.262 -507.541 -33.8237 15 -0.0145493 1.37059
150.15 -476.503 -503.805 -33.7682 15 -0.0145493 1.37059
150.404 -475.745 -500.068 -33.7127 15 -0.0145493 1.37059
150.659 -474.987 -496.331 -33.6572 15 -0.0145493 1.37059
150.913 -474.229 -492.594 -33.6018 15 -0.0145493 1.37059
151.167 -473.47 -488.857 -33.5463 15 -0.0145493 1.37059
151.421 -472.712 -485.12 -33.4908 15 -0.0145493 1.37059
151.675 -471.954 -481.384 -33.4353 15 -0.0145493 1.37059
151.93 -471.195 -477.647 -33.3798 15 -0.0145493 1.37059
152.184 -470.437 -473.91 -33.3244 15 -0.0145493 1.37059
152.438 -469.679 -470.173 -33.2689 15 -0.0145493 1.37059
152.692 -468.921 -466.436 -33.2134 15 -0.0145493 1.37059
152.947 -468.162 -462.699 -33.1579 15 -0.0145493 1.37059
153.201 -467.404 -458.963 -33.1024 15 -0.0145493 1.37059
153.455 -466.646 -455.226 -33.047 15 -0.0145493 1.37059
153.709 -465.887 -451.489 -32.9915 15 -0.0145493 1.37059
153.964 -465.129 -447.752 -32.936 15 -0.0145493 1.37059
154.218 -464.371 -444.015 -32.8805 15 -0.0145493 1.37059
154.472 -463.612 -440.278 -32.825 15 -0.0145493 1.37059
154.726 -462.854 -436.542 -32.7696 15 -0.0145493 1.37059
154.98 -462.096 -432.805 -32.7141 15 -0.0145493 1.37059
155.235 -461.338 -429.068 -32.6586 15 -0.0145493 1.37059
155.489 -460.579 -425.331 -32.6031 15 -0.0145493 1.37059
155.743 -459.821 -421.594 -32.5476 15 -0.0145493 1.37059
155.997 -459.063 -417.857 -32.4922 15 -0.0145493 1.37059
156.252 -458.304 -414.121 -32.4367 15 -0.0145493 1.37059
156.506 -457.546 -410.384 -32.3812 15 -0.0145493 1.37059
156.76 -456.788 -406.647 -32.3257 15 -0.0145493 1.37059
157.014 -456.029 -402.91 -32.2702 15 -0.0145493 1.37059
157.289 -456.029 -402.91 -32.2702 15 -0.0145493 1.37059
157.563 -455.211 -398.877 -32.2104 15 -0.0145493 1.37059
157.837 -454.393 -394.844 -32.1505 15 -0.0145493 1.37059
158.112 -453.574 -390.811 -32.0906 15 -0.0145493 1.37059
158.386 -452.756 -386.778 -32.0307 15 -0.0145493 1.37059
158.661 -451.937 -382.745 -31.9708 15 -0.0145493 1.37059
158.935 -451.119 -378.712 -31.911 15 -0.0145493 1.37059
159.209 -450.3 -374.678 -31.8511 15 -0.0145493 1.37059
159.484 -449.482 -370.645 -31.7912 15 -0.0145493 1.37059
159.758 -448.664 -366.612 -31.7313 15 -0.0145493 1.37059
160.032 -447.845 -362.579 -31.6714 15 -0.0145493 1.37059
160.307 -447.027 -358.546 -31.6116 15 -0.0145493 1.37059
160.581 -446.208 -354.513 -31.5517 15 -0.0145493 1.37059
160.856 -445.39 -350.48 -31.4918 15 -0.0145493 1.37059
161.13 -444.572 -346.447 -31.4319 15 -0.0145493 1.37059
161.404 -443.753 -342.414 -31.3721 15 -0.0145493 1.37059
161.679 -442.935 -338.381 -31.3122 15 -0.0145493 1.37059
161.953 -442.116 -334.348 -31.2523 15 -0.0145493 1.37059
162.227 -441.298 -330.314 -31.1924 15 -0.0145493 1.37059
162.502 -440.479 -326.281 -31.1325 15 -0.0145493 1.37059
162.776 -439.661 -322.248 -31.0727 15 -0.0145493 1.37059
163.051 -438.843 -318.215 -31.0128 15 -0.0145493 1.37059
163.325 -438.024 -314.182 -30.9529 15 -0.0145493 1.37059
163.599 -437.206 -310.149 -30.893 15 -0.0145493 1.37059
163.874 -436.387 -306.116 -30.8331 15 -0.0145493 1.37059
164.148 -435.569 -302.083 -30.7733 15 -0.0145493 1.37059
164.423 -434.751 -298.05 -30.7134 15 -0.0145493 1.37059
164.697 -433.932 -294.017 -30.6535 15 -0.0145493 1.37059
164.971 -433.114 -289.984 -30.5936 15 -0.0145493 1.37059
165.246 -432.295 -285.95 -30.5338 15 -0.0145493 1.37059
165.52 -431.477 -281.917 -30.4739 15 -0.0145493 1.37059
165.794 -430.658 -277.884 -30.414 15 -0.0145493 1.37059
166.069 -429.84 -273.851 -30.3541 15 -0.0145484 1.32776
166.239 -429.84 -273.851 -30.3541 15 -0.0145484 1.32776
166.409 -429.226 -271.377 -30.317 15 -0.014493 1.2421
166.579 -428.403 -268.963 -30.2801 15 -0.0143237 1.15643
166.749 -427.377 -266.63 -30.2435 15 -0.0139905 1.07077
166.919 -426.155 -264.392 -30.2079 15 -0.013459 0.985111
167.089 -424.745 -262.268 -30.1736 15 -0.0127103 0.899449
167.259 -423.159 -260.271 -30.1412 15 -0.0117405 0.813787
167.429 -421.408 -258.418 -30.1112 15 -0.0105617 0.728125
167.599 -419.505 -256.722 -30.0843 15 -0.00920085 0.642464
167.769 -417.464 -255.194 -30.0608 15 -0.00770071 0.556802
167.939 -415.3 -253.847 -30.0412 15 -0.0061193 0.47114
168.109 -413.028 -252.689 -30.0256 15 -0.00453011 0.385478
168.279 -410.666 -251.731 -30.014 15 -0.00302204 0.299816
168.449 -408.23 -250.978 -30.0063 15 -0.00169942 0.214155
168.619 -405.738 -250.436 -30.002 15 -0.000681979 0.128493
168.789 -403.21 -250.109 -30.0003 15 -0.000104889 0.0428309
168.96 -400.663 -250 -30 15 -0 0
169.004 -400.663 -250 -30 15 -0 0
169.048 -400 -250 -30 15 -0 0
169.163 -400 -250 -30 15 -0 0
169.278 -398.276 -250 -30 15 0.000153452 0.0242821
169.462 -398.276 -250 -30 15 0.000153452 0.0242821
169.646 -395.516 -249.933 -30.0004 15 0.00101886 0.0728463
169.83 -392.762 -249.732 -30.0032 15 0.00260194 0.12141
170.014 -390.021 -249.398 -30.0104 15 0.00475023 0.169975
170.198 -387.299 -248.93 -30.0235 15 0.00732087 0.218539
170.382 -384.603 -248.332 -30.0438 15 0.0101806 0.267103
170.566 -381.94 -247.603 -30.0719 15 0.0132057 0.315667
170.751 -379.315 -246.746 -30.1083 15 0.0162822 0.364231
170.935 -376.735 -245.762 -30.1533 15 0.0193057 0.412796
171.119 -374.205 -244.654 -30.2066 15 0.0221813 0.46136
171.303 -371.733 -243.425 -30.2679 15 0.0248241 0.509924
171.487 -369.322 -242.077 -30.3364 15 0.0271586 0.558488
171.671 -366.981 -240.614 -30.4115 15 0.029119 0.607052
171.855 -364.713 -239.038 -30.4919 15 0.0306492 0.655617
172.039 -362.524 -237.355 -30.5766 15 0.0317025 0.704181
172.223 -360.419 -235.567 -30.6641 15 0.0322422 0.752745
172.408 -358.404 -233.679 -30.7532 15 0.0323472 0.777027
172.594 -358.404 -233.679 -30.7532 15 0.0323472 0.777027
172.78 -356.416 -231.725 -30.8434 15 0.0323472 0.777027
172.965 -354.428 -229.77 -30.9336 15 0.0323472 0.777027
173.151 -352.44 -227.815 -31.0238 15 0.0323472 0.777027
173.337 -350.452 -225.86 -31.1141 15 0.0323472 0.777027
173.523 -348.464 -223.905 -31.2043 15 0.0323472 0.777027
173.709 -346.476 -221.95 -31.2945 15 0.0323472 0.777027
173.895 -344.488 -219.995 -31.3847 15 0.0323472 0.777027
174.081 -342.5 -218.04 -31.4749 15 0.0323472 0.777027
174.267 -340.513 -216.085 -31.5652 15 0.0323472 0.777027
174.453 -338.525 -214.13 -31.6554 15 0.0323472 0.777027
174.639 -336.537 -212.175 -31.7456 15 0.0323472 0.777027
174.825 -334.549 -210.22 -31.8358 15 0.0323472 0.777027
175.011 -332.561 -208.265 -31.926 15 0.0323472 0.777027
175.197 -330.573 -206.311 -32.0163 15 0.0323472 0.777027
175.383 -328.585 -204.356 -32.1065 15 0.0323472 0.777027
175.569 -326.597 -202.401 -32.1967 15 0.0323472 0.777027
175.755 -324.609 -200.446 -32.2869 15 0.0323472 0.777027
175.941 -322.621 -198.491 -32.3771 15 0.0323472 0.777027
176.127 -320.633 -196.536 -32.4674 15 0.0323472 0.777027
176.313 -318.645 -194.581 -32.5576 15 0.0323472 0.777027
176.499 -316.657 -192.626 -32.6478 15 0.0323472 0.777027
176.685 -314.669 -190.671 -32.738 15 0.0323472 0.777027
176.871 -312.682 -188.716 -32.8282 15 0.0323472 0.777027
177.057 -310.694 -186.761 -32.9184 15 0.0323472 0.777027
177.243 -308.706 -184.806 -33.0087 15 0.0323472 0.777027
177.429 -306.718 -182.851 -33.0989 15 0.0323472 0.777027
177.615 -304.73 -180.897 -33.1891 15 0.0323472 0.777027
177.801 -302.742 -178.942 -33.2793 15 0.0323472 0.777027
177.987 -300.754 -176.987 -33.3695 15 0.0323472 0.777027
178.173 -298.766 -175.032 -33.4598 15 0.0323472 0.777027
178.359 -296.778 -173.077 -33.55 15 0.0323472 0.777027
178.545 -294.79 -171.122 -33.6402 15 0.0323472 0.777027
178.731 -292.802 -169.167 -33.7304 15 0.0323472 0.777027
178.917 -290.814 -167.212 -33.8206 15 0.0323472 0.777027
179.103 -288.826 -165.257 -33.9109 15 0.0323472 0.777027
179.289 -286.838 -163.302 -34.0011 15 0.0323472 0.777027
179.474 -284.851 -161.347 -34.0913 15 0.0323472 0.777027
179.66 -282.863 -159.392 -34.1815 15 0.0323472 0.777027
179.846 -280.875 -157.437 -34.2717 15 0.0323472 0.777027
180.032 -278.887 -155.483 -34.3619 15 0.0323472 0.777027
180.218 -276.899 -153.528 -34.4522 15 0.0323472 0.777027
180.404 -274.911 -151.573 -34.5424 15 0.0323472 0.777027
180.59 -272.923 -149.618 -34.6326 15 0.0323472 0.777027
180.776 -270.935 -147.663 -34.7228 15 0.0323472 0.777027
180.962 -268.947 -145.708 -34.813 15 0.0323472 0.777027
181.148 -266.959 -143.753 -34.9033 15 0.0323472 0.777027
181.334 -264.971 -141.798 -34.9935 15 0.0323472 0.777027
181.52 -262.983 -139.843 -35.0837 15 0.0323472 0.777027
181.706 -260.995 -137.888 -35.1739 15 0.0323472 0.777027
181.892 -259.007 -135.933 -35.2641 15 0.0323472 0.777027
182.078 -257.02 -133.978 -35.3544 15 0.0323472 0.777027
182.264 -255.032 -132.024 -35.4446 15 0.0323472 0.777027
182.45 -253.044 -130.069 -35.5348 15 0.0323472 0.777027
182.636 -251.056 -128.114 -35.625 15 0.0323472 0.777027
182.822 -249.068 -126.159 -35.7152 15 0.0323472 0.777027
183.008 -247.08 -124.204 -35.8055 15 0.0323472 0.777027
183.194 -245.092 -122.249 -35.8957 15 0.0323472 0.777027
183.38 -243.104 -120.294 -35.9859 15 0.0323472 0.777027
183.566 -241.116 -118.339 -36.0761 15 0.0323472 0.777027
183.752 -239.128 -116.384 -36.1663 15 0.0323472 0.777027
183.938 -237.14 -114.429 -36.2565 15 0.0323472 0.777027
184.124 -235.152 -112.474 -36.3468 15 0.0323472 0.777027
184.31 -233.164 -110.519 -36.437 15 0.0323472 0.777027
184.496 -231.176 -108.564 -36.5272 15 0.0323472 0.777027
184.689 -231.176 -108.564 -36.5272 15 0.0323472 0.777027
184.882 -229.113 -106.535 -36.6209 15 0.0323472 0.777027
185.075 -227.049 -104.505 -36.7145 15 0.0323472 0.777027
185.268 -224.985 -102.476 -36.8082 15 0.0323472 0.777027
185.461 -222.921 -100.446 -36.9019 15 0.0323472 0.777027
185.654 -220.857 -98.4164 -36.9955 15 0.0323472 0.777027
185.847 -218.793 -96.3868 -37.0892 15 0.0323472 0.777027
186.04 -216.729 -94.3571 -37.1829 15 0.0323472 0.777027
186.233 -214.665 -92.3275 -37.2765 15 0.0323472 0.777027
186.426 -212.602 -90.2979 -37.3702 15 0.0323472 0.777027
186.62 -210.538 -88.2683 -37.4639 15 0.0323472 0.777027
186.813 -208.474 -86.2387 -37.5575 15 0.0323472 0.777027
187.006 -206.41 -84.2091 -37.6512 15 0.0323472 0.777027
187.199 -204.346 -82.1794 -37.7449 15 0.0323472 0.777027
187.392 -202.282 -80.1498 -37.8385 15 0.0323472 0.777027
187.585 -200.218 -78.1202 -37.9322 15 0.0323472 0.777027
187.778 -198.154 -76.0906 -38.0259 15 0.0323472 0.777027
187.971 -196.09 -74.061 -38.1195 15 0.0323472 0.777027
188.164 -194.027 -72.0314 -38.2132 15 0.0323472 0.777027
188.357 -191.963 -70.0017 -38.3069 15 0.0323472 0.777027
188.55 -189.899 -67.9721 -38.4005 15 0.0323472 0.777027
188.743 -187.835 -65.9425 -38.4942 15 0.0323472 0.777027
188.936 -185.771 -63.9129 -38.5879 15 0.0323472 0.777027
189.13 -183.707 -61.8833 -38.6815 15 0.0323472 0.777027
189.323 -181.643 -59.8537 -38.7752 15 0.0323472 0.777027
189.516 -179.579 -57.824 -38.8689 15 0.0323472 0.777027
189.709 -177.515 -55.7944 -38.9625 15 0.0323472 0.777027
189.902 -175.452 -53.7648 -39.0562 15 0.0323472 0.777027
190.095 -173.388 -51.7352 -39.1499 15 0.0323472 0.777027
190.288 -171.324 -49.7056 -39.2435 15 0.0323472 0.777027
190.481 -169.26 -47.676 -39.3372 15 0.0323472 0.777027
190.674 -167.196 -45.6463 -39.4309 15 0.0323472 0.777027
190.867 -165.132 -43.6167 -39.5245 15 0.0323472 0.777027
191.06 -163.068 -41.5871 -39.6182 15 0.0323472 0.777027
191.253 -161.004 -39.5575 -39.7119 15 0.0323472 0.777027
191.446 -158.941 -37.5279 -39.8055 15 0.0323472 0.777027
191.64 -156.877 -35.4983 -39.8992 15 0.0323472 0.777027
191.833 -154.813 -33.4686 -39.9929 15 0.0323472 0.777027
192.026 -152.749 -31.439 -40.0865 15 0.0323472 0.777027
192.219 -150.685 -29.4094 -40.1802 15 0.0323472 0.777027
192.412 -148.621 -27.3798 -40.2739 15 0.0323472 0.777027
192.605 -146.557 -25.3502 -40.3675 15 0.0323472 0.777027
192.798 -144.493 -23.3206 -40.4612 15 0.0323472 0.777027
192.991 -142.429 -21.2909 -40.5549 15 0.0323472 0.777027
193.184 -140.366 -19.2613 -40.6485 15 0.0323472 0.777027
193.377 -138.302 -17.2317 -40.7422 15 0.0323472 0.777027
193.57 -136.238 -15.2021 -40.8359 15 0.0323472 0.777027
193.763 -134.174 -13.1725 -40.9295 15 0.0323472 0.777027
193.957 -132.11 -11.1429 -41.0232 15 0.0323472 0.777027
194.15 -130.046 -9.11323 -41.1168 15 0.0323472 0.777027
194.343 -127.982 -7.08362 -41.2105 15 0.0323472 0.777027
194.536 -125.918 -5.054 -41.3042 15 0.0323472 0.777027
194.729 -123.854 -3.02438 -41.3978 15 0.0323472 0.777027
194.922 -121.791 -0.994767 -41.4915 15 0.0323472 0.777027
195.115 -119.727 1.03485 -41.5852 15 0.0323472 0.777027
195.308 -117.663 3.06447 -41.6788 15 0.0323472 0.777027
195.501 -115.599 5.09408 -41.7725 15 0.0323472 0.777027
195.694 -113.535 7.1237 -41.8662 15 0.0323472 0.777027
195.887 -111.471 9.15332 -41.9598 15 0.0323472 0.777027
196.08 -109.407 11.1829 -42.0535 15 0.0323472 0.777027
196.273 -107.343 13.2126 -42.1472 15 0.0323472 0.777027
196.467 -105.28 15.2422 -42.2408 15 0.0323472 0.777027
196.66 -103.216 17.2718 -42.3345 15 0.0323472 0.777027
196.853 -101.152 19.3014 -42.4282 15 0.0323472 0.777027
197.046 -99.0879 21.331 -42.5218 15 0.0318301 0.713879
197.296 -99.0879 21.331 -42.5218 15 0.0318301 0.713879
197.547 -96.249 23.7903 -42.6414 15 0.0287634 0.587584
197.798 -93.1229 25.8725 -42.7495 15 0.0231556 0.461289
198.049 -89.7595 27.5443 -42.8365 15 0.0157303 0.334993
198.299 -86.2123 28.7791 -42.8956 15 0.0073773 0.208698
198.55 -82.5378 29.5573 -42.9233 15 -0.00084763 0.0824028
198.801 -78.7946 29.8664 -42.9201 15 -0.00772324 6.23929
199.051 -75.0422 29.7016 -42.8911 15 -0.0118642 6.113
199.302 -71.3405 29.0655 -42.8465 15 -0.0126301 6.04985
199.537 -71.3405 29.0655 -42.8465 15 -0.0126301 6.04985
199.772 -67.9116 28.2506 -42.802 15 -0.0126301 6.04985
200.007 -64.4828 27.4357 -42.7575 15 -0.0126301 6.04985
200.242 -61.054 26.6208 -42.713 15 -0.0126301 6.04985
200.477 -57.6251 25.8058 -42.6685 15 -0.0126301 6.04985
200.712 -54.1963 24.9909 -42.624 15 -0.0126301 6.04985
200.947 -50.7674 24.176 -42.5794 15 -0.0126301 6.04985
201.182 -47.3386 23.3611 -42.5349 15 -0.0126301 6.04985
201.417 -43.9098 22.5462 -42.4904 15 -0.0126301 6.04985
201.652 -40.4809 21.7313 -42.4459 15 -0.0126301 6.04985
201.887 -37.0521 20.9164 -42.4014 15 -0.0126301 6.04985
202.122 -33.6233 20.1015 -42.3569 15 -0.0126301 6.04985
202.357 -30.1944 19.2865 -42.3123 15 -0.0126301 6.04985
202.592 -26.7656 18.4716 -42.2678 15 -0.0126301 6.04985
202.827 -23.3367 17.6567 -42.2233 15 -0.0126301 6.04985
203.062 -19.9079 16.8418 -42.1788 15 -0.0126301 6.04985
203.297 -16.4791 16.0269 -42.1343 15 -0.0126301 6.04985
203.532 -13.0502 15.212 -42.0898 15 -0.0126301 6.04985
203.767 -9.62138 14.3971 -42.0453 15 -0.0126301 6.04985
204.002 -6.19255 13.5822 -42.0007 15 -0.0126301 6.04985
204.236 -2.76371 12.7672 -41.9562 15 -0.0126301 6.04985
204.471 0.665131 11.9523 -41.9117 15 -0.0126301 6.04985
204.706 4.09397 11.1374 -41.8672 15 -0.0126301 6.04985
204.941 7.52281 10.3225 -41.8227 15 -0.0126301 6.04985
205.176 10.9516 9.50759 -41.7782 15 -0.0126301 6.04985
205.411 14.3805 8.69267 -41.7336 15 -0.0126301 6.04985
205.646 17.8093 7.87776 -41.6891 15 -0.0126301 6.04985
205.881 21.2382 7.06285 -41.6446 15 -0.0126301 6.04985
206.116 24.667 6.24793 -41.6001 15 -0.0126301 6.04985
206.351 28.0958 5.43302 -41.5556 15 -0.0126301 6.04985
206.586 31.5247 4.61811 -41.5111 15 -0.0126301 6.04985
206.821 34.9535 3.80319 -41.4666 15 -0.0126301 6.04985
207.056 38.3824 2.98828 -41.422 15 -0.0126301 6.04985
207.248 38.3824 2.98828 -41.422 15 -0.0126301 6.04985
207.441 41.1873 2.32165 -41.3856 15 -0.0126301 6.04985
207.633 43.9922 1.65503 -41.3492 15 -0.0126301 6.04985
207.825 46.7971 0.988399 -41.3128 15 -0.0126301 6.04985
208.017 49.602 0.321771 -41.2764 15 -0.0126301 6.04985
208.209 52.4069 -0.344856 -41.24 15 -0.0126301 6.04985
208.402 55.2118 -1.01148 -41.2035 15 -0.0126301 6.04985
208.594 58.0167 -1.67811 -41.1671 15 -0.0126301 6.04985
208.786 60.8216 -2.34474 -41.1307 15 -0.0126301 6.04985
208.978 63.6265 -3.01137 -41.0943 15 -0.0126301 6.04985
209.171 66.4315 -3.67799 -41.0579 15 -0.0126301 6.04985
209.363 69.2364 -4.34462 -41.0215 15 -0.0126301 6.04985
209.555 72.0413 -5.01125 -40.9851 15 -0.0126301 6.04985
209.747 74.8462 -5.67788 -40.9486 15 -0.0126301 6.04985
209.939 77.6511 -6.3445 -40.9122 15 -0.0126301 6.04985
210.132 80.456 -7.01113 -40.8758 15 -0.0126301 6.04985
210.324 83.2609 -7.67776 -40.8394 15 -0.0126301 6.04985
210.516 86.0658 -8.34439 -40.803 15 -0.0126301 6.04985
210.708 88.8707 -9.01101 -40.7666 15 -0.0126301 6.04985
210.901 91.6756 -9.67764 -40.7302 15 -0.0126301 6.04985
211.093 94.4806 -10.3443 -40.6937 15 -0.0126301 6.04985
211.285 97.2855 -11.0109 -40.6573 15 -0.0126301 6.04985
211.477 100.09 -11.6775 -40.6209 15 -0.0126301 6.04985
211.669 102.895 -12.3442 -40.5845 15 -0.0126301 6.04985
211.862 105.7 -13.0108 -40.5481 15 -0.0126301 6.04985
212.054 108.505 -13.6774 -40.5117 15 -0.0126301 6.04985
212.246 111.31 -14.344 -40.4752 15 -0.0126301 6.04985
212.438 114.115 -15.0107 -40.4388 15 -0.0126301 6.04985
212.631 116.92 -15.6773 -40.4024 15 -0.0126301 6.04985
212.823 119.725 -16.3439 -40.366 15 -0.0126301 6.04985
213.015 122.53 -17.0105 -40.3296 15 -0.0126301 6.04985
213.207 125.335 -17.6772 -40.2932 15 -0.0126301 6.04985
213.399 128.139 -18.3438 -40.2568 15 -0.0127841 6.08589
213.673 128.139 -18.3438 -40.2568 15 -0.0127841 6.08589
213.946 132.158 -19.147 -40.2044 15 -0.0136058 6.15797
214.219 136.223 -19.6588 -40.1486 15 -0.0150258 6.23004
214.492 140.315 -19.8764 -40.087 15 -0.0168268 0.0189378
214.766 144.412 -19.7988 -40.0181 15 -0.0188198 0.0910158
215.039 148.492 -19.4264 -39.941 15 -0.0208448 0.163094
215.312 152.536 -18.761 -39.8555 15 -0.0227705 0.235172
215.585 156.52 -17.8063 -39.7622 15 -0.024494 0.30725
215.859 160.426 -16.567 -39.6618 15 -0.0259416 0.379328
216.132 164.232 -15.0497 -39.5555 15 -0.0270678 0.451406
216.405 167.92 -13.2622 -39.4446 15 -0.027856 0.523484
216.678 171.468 -11.2138 -39.3304 15 -0.0283183 0.595562
216.952 174.861 -8.91512 -39.2143 15 -0.0284952 0.66764
217.225 178.078 -6.37816 -39.0975 15 -0.0284562 0.739718
217.498 181.105 -3.61605 -38.9809 15 -0.0282991 0.811797
217.771 183.925 -0.643139 -38.8649 15 -0.0281506 0.883875
218.045 186.524 2.52513 -38.7495 15 -0.0281194 0.919914
218.33 186.524 2.52513 -38.7495 15 -0.0281194 0.919914
218.616 189.118 5.93224 -38.6291 15 -0.0281194 0.919914
218.902 191.713 9.33935 -38.5086 15 -0.0281194 0.919914
219.187 194.308 12.7465 -38.3882 15 -0.0281194 0.919914
219.473 196.903 16.1536 -38.2677 15 -0.0281194 0.919914
219.758 199.498 19.5607 -38.1472 15 -0.0281194 0.919914
220.044 202.093 22.9678 -38.0268 15 -0.0281194 0.919914
220.33 204.688 26.3749 -37.9063 15 -0.0281194 0.919914
220.615 207.282 29.782 -37.7859 15 -0.0281194 0.919914
220.901 209.877 33.1891 -37.6654 15 -0.0281194 0.919914
221.187 212.472 36.5963 -37.5449 15 -0.0281194 0.919914
221.472 215.067 40.0034 -37.4245 15 -0.0281194 0.919914
221.758 217.662 43.4105 -37.304 15 -0.0281194 0.919914
222.043 220.257 46.8176 -37.1836 15 -0.0281194 0.919914
222.329 222.852 50.2247 -37.0631 15 -0.0281194 0.919914
222.615 225.446 53.6318 -36.9426 15 -0.0281194 0.919914
222.9 228.041 57.0389 -36.8222 15 -0.0281194 0.919914
223.186 230.636 60.446 -36.7017 15 -0.0281194 0.919914
223.472 233.231 63.8532 -36.5813 15 -0.0281194 0.919914
223.757 235.826 67.2603 -36.4608 15 -0.0281194 0.919914
224.043 238.421 70.6674 -36.3403 15 -0.0281194 0.919914
224.329 241.015 74.0745 -36.2199 15 -0.0281194 0.919914
224.614 243.61 77.4816 -36.0994 15 -0.0281194 0.919914
224.9 246.205 80.8887 -35.979 15 -0.0281194 0.919914
225.185 248.8 84.2958 -35.8585 15 -0.0281194 0.919914
225.471 251.395 87.7029 -35.738 15 -0.0281194 0.919914
225.757 253.99 91.1101 -35.6176 15 -0.0281194 0.919914
226.042 256.585 94.5172 -35.4971 15 -0.0281194 0.919914
226.328 259.179 97.9243 -35.3767 15 -0.0281194 0.919914
226.614 261.774 101.331 -35.2562 15 -0.0281194 0.919914
226.899 264.369 104.739 -35.1358 15 -0.0281194 0.919914
227.185 266.964 108.146 -35.0153 15 -0.0281194 0.919914
227.47 269.559 111.553 -34.8948 15 -0.0281194 0.919914
227.785 269.559 111.553 -34.8948 15 -0.0281194 0.919914
228.1 272.419 115.309 -34.762 15 -0.0281194 0.919914
228.415 275.28 119.065 -34.6292 15 -0.0281194 0.919914
228.73 278.141 122.821 -34.4964 15 -0.0281194 0.919914
229.045 281.001 126.577 -34.3636 15 -0.0281194 0.919914
229.36 283.862 130.333 -34.2308 15 -0.0281194 0.919914
229.675 286.723 134.089 -34.098 15 -0.0281194 0.919914
229.989 289.583 137.846 -33.9652 15 -0.0281194 0.919914
230.304 292.444 141.602 -33.8324 15 -0.0281194 0.919914
230.619 295.305 145.358 -33.6996 15 -0.0281194 0.919914
230.934 298.165 149.114 -33.5668 15 -0.0281194 0.919914
231.249 301.026 152.87 -33.434 15 -0.0281194 0.919914
231.564 303.887 156.626 -33.3012 15 -0.0281194 0.919914
231.879 306.747 160.382 -33.1685 15 -0.0281194 0.919914
232.194 309.608 164.138 -33.0357 15 -0.0281194 0.919914
232.509 312.469 167.895 -32.9029 15 -0.0281194 0.919914
232.823 315.329 171.651 -32.7701 15 -0.0281194 0.919914
233.138 318.19 175.407 -32.6373 15 -0.0281194 0.919914
233.453 321.051 179.163 -32.5045 15 -0.0281194 0.919914
233.768 323.911 182.919 -32.3717 15 -0.0281194 0.919914
234.083 326.772 186.675 -32.2389 15 -0.0281194 0.919914
234.398 329.633 190.431 -32.1061 15 -0.0281194 0.919914
234.713 332.493 194.187 -31.9733 15 -0.0281194 0.919914
235.028 335.354 197.944 -31.8405 15 -0.0281194 0.919914
235.343 338.215 201.7 -31.7077 15 -0.0281194 0.919914
235.657 341.075 205.456 -31.5749 15 -0.0281194 0.919914
235.972 343.936 209.212 -31.4421 15 -0.0281194 0.919914
236.287 346.797 212.968 -31.3093 15 -0.0281194 0.919914
236.602 349.657 216.724 -31.1765 15 -0.0281194 0.919914
236.917 352.518 220.48 -31.0437 15 -0.0281194 0.919914
237.232 355.379 224.236 -30.9109 15 -0.0281194 0.919914
237.547 358.239 227.993 -30.7781 15 -0.0281194 0.919914
237.862 361.1 231.749 -30.6453 15 -0.0280553 0.891166
238.039 361.1 231.749 -30.6453 15 -0.0280553 0.891166
238.217 362.773 233.819 -30.5706 15 -0.0276458 0.833672
238.394 364.563 235.791 -30.497 15 -0.0268269 0.776177
238.572 366.462 237.656 -30.4255 15 -0.0256095 0.718683
238.75 368.466 239.408 -30.3573 15 -0.0240164 0.661188
238.927 370.567 241.043 -30.2934 15 -0.0220824 0.603693
239.105 372.759 242.554 -30.2346 15 -0.0198539 0.546199
239.282 375.034 243.937 -30.1817 15 -0.0173896 0.488704
239.46 377.384 245.187 -30.1354 15 -0.0147599 0.43121
239.637 379.803 246.3 -30.0961 15 -0.0120472 0.373715
239.815 382.281 247.272 -30.064 15 -0.00934584 0.31622
239.993 384.811 248.1 -30.0392 15 -0.00676206 0.258726
240.17 387.385 248.781 -30.0212 15 -0.00441405 0.201231
240.348 389.994 249.313 -30.0094 15 -0.00243189 0.143737
240.525 392.628 249.694 -30.0029 15 -0.000957557 0.0862419
240.703 395.281 249.923 -30.0004 15 -0.000144914 0.0287473
240.88 397.942 250 -30 15 -0 0
241.018 397.942 250 -30 15 -0 0
