time x y z V_A gamma chi
0 37.5 0 -30 15 -0 0
0.288284 37.5 0 -30 15 -0 0
0.576567 40.0946 0 -30 15 -0 0
0.864851 42.6891 0 -30 15 -0 0
1.15313 45.2837 0 -30 15 -0 0
1.44142 47.8782 0 -30 15 0.000526128 6.26667
1.81005 47.8782 0 -30 15 0.000526128 6.26667
2.17867 51.1955 -0.0548047 -30.0017 15 0.0035318 6.23364
2.5473 54.5106 -0.219197 -30.0135 15 0.00912817 6.20064
2.91593 57.8214 -0.493113 -30.0438 15 0.0168646 6.16769
3.28456 61.1257 -0.876445 -30.0999 15 0.0262944 6.13481
3.65319 64.4212 -1.36904 -30.1875 15 0.036976 6.10202
4.02182 67.706 -1.97071 -30.3111 15 0.0484762 6.06934
4.39044 70.9777 -2.68121 -30.4735 15 0.0603721 6.03679
4.75907 74.2343 -3.50027 -30.6765 15 0.0722541 6.00437
5.1277 77.4735 -4.42757 -30.9203 15 0.0837285 5.97212
5.49633 80.6933 -5.46273 -31.2042 15 0.0944199 5.94005
5.86496 83.8915 -6.60535 -31.5258 15 0.103972 5.90817
6.23359 87.066 -7.85499 -31.8818 15 0.11205 5.87649
6.60221 90.2147 -9.21116 -32.2676 15 0.118339 5.84503
6.97084 93.3354 -10.6733 -32.6773 15 0.122542 5.8138
7.33947 96.4261 -12.2409 -33.1041 15 0.124382 5.78282
7.7081 99.4847 -13.9132 -33.54 15 0.125045 5.76645
8.02223 99.4847 -13.9132 -33.54 15 0.125045 5.76645
8.33637 102.063 -15.3783 -33.9127 15 0.125045 5.76645
8.65051 104.641 -16.8433 -34.2854 15 0.125045 5.76645
8.96464 107.219 -18.3083 -34.6582 15 0.125045 5.76645
9.27878 109.797 -19.7733 -35.0309 15 0.125045 5.76645
9.59292 112.376 -21.2383 -35.4037 15 0.125045 5.76645
9.90705 114.954 -22.7033 -35.7764 15 0.125045 5.76645
10.2212 117.532 -24.1684 -36.1492 15 0.125045 5.76645
10.5353 120.11 -25.6334 -36.5219 15 0.125045 5.76645
10.8495 122.688 -27.0984 -36.8947 15 0.125045 5.76645
11.1636 125.266 -28.5634 -37.2674 15 0.125045 5.76645
11.4777 127.844 -30.0284 -37.6402 15 0.125045 5.76645
11.7919 130.423 -31.4934 -38.0129 15 0.125045 5.76645
12.106 133.001 -32.9585 -38.3856 15 0.125045 5.76645
12.4201 135.579 -34.4235 -38.7584 15 0.125045 5.76645
12.7343 138.157 -35.8885 -39.1311 15 0.125045 5.76645
13.0484 140.735 -37.3535 -39.5039 15 0.125045 5.76645
13.5479 140.735 -37.3535 -39.5039 15 0.125045 5.76645
14.0474 144.835 -39.6829 -40.0966 15 0.125045 5.76645
14.5469 148.934 -42.0123 -40.6892 15 0.125045 5.76645
15.0463 153.033 -44.3417 -41.2819 15 0.125045 5.76645
15.5458 157.133 -46.6711 -41.8746 15 0.125045 5.76645
16.0453 161.232 -49.0005 -42.4672 15 0.125045 5.76645
16.5448 165.331 -51.3299 -43.0599 15 0.125045 5.76645
17.0443 169.431 -53.6593 -43.6526 15 0.125045 5.76645
17.5438 173.53 -55.9887 -44.2453 15 0.145667 5.95483
17.9655 173.53 -55.9887 -44.2453 15 0.145667 5.95483
18.3873 177.168 -57.2282 -44.8091 15 0.22069 0.0660487
18.8091 180.924 -56.9797 -45.6537 15 0.290553 0.454956
19.2308 184.445 -55.2573 -46.8257 15 0.310396 0.810939
19.6526 187.39 -52.1579 -48.1971 15 0.276995 1.12405
19.8635 189.451 -47.856 -49.5532 15 0.227834 1.33193
20.0744 190.067 -45.3275 -50.1566 15 0.188545 1.46057
20.2853 190.369 -42.5936 -50.6815 15 0.148678 1.5821
20.4962 190.336 -39.6931 -51.1159 15 0.112129 1.69751
20.707 189.951 -36.6669 -51.4594 15 0.0829306 1.8077
20.9179 189.2 -33.5577 -51.7253 15 0.0651983 1.91346
21.1288 188.077 -30.4094 -51.9436 15 0.061131 1.96436
21.3637 188.077 -30.4094 -51.9436 15 0.061131 1.96436
21.5985 186.618 -26.8945 -52.1765 15 0.061131 1.96436
21.8225 186.618 -26.8945 -52.1765 15 0.061131 1.96436
22.0464 185.226 -23.5433 -52.3986 15 0.05987 2.0079
22.3344 185.226 -23.5433 -52.3986 15 0.05987 2.0079
22.6224 183.217 -19.244 -52.683 15 0.0564969 2.09295
22.7664 180.773 -14.9955 -52.9603 15 0.053214 2.15528
22.9104 179.389 -12.9041 -53.0938 15 0.0506471 2.19631
23.0544 177.899 -10.8419 -53.2228 15 0.0478091 2.23691
23.1984 176.306 -8.8142 -53.3462 15 0.0447139 2.27711
23.3423 174.61 -6.8263 -53.4631 15 0.0413772 2.31694
23.4863 172.814 -4.88335 -53.5726 15 0.0378158 2.35642
23.6303 170.92 -2.99039 -53.674 15 0.0340484 2.39558
23.7743 168.931 -1.15232 -53.7662 15 0.0300949 2.43444
23.9183 166.85 0.626082 -53.8486 15 0.0259768 2.47303
24.0623 164.68 2.34021 -53.9205 15 0.021717 2.51136
24.2063 162.425 3.9856 -53.9811 15 0.0173401 2.54945
24.3503 160.087 5.55801 -54.03 15 0.0128721 2.58732
24.4943 157.671 7.05333 -54.0665 15 0.00834074 2.62499
24.6383 155.181 8.46771 -54.0904 15 0.00377536 2.66248
24.7823 152.622 9.79745 -54.1013 15 -0.000792859 2.6998
24.9263 149.996 11.0391 -54.099 15 -0.00533086 2.73697
25.0703 147.31 12.1895 -54.0834 15 -0.00980365 2.774
25.2143 144.568 13.2456 -54.0546 15 -0.0141741 2.81091
25.3583 141.774 14.2047 -54.0127 15 -0.018403 2.8477
25.5023 138.934 15.0642 -53.9581 15 -0.0224485 2.8844
25.6463 136.053 15.8221 -53.8912 15 -0.0262664 2.92102
25.7903 133.135 16.4762 -53.8127 15 -0.0298098 2.95756
25.9343 130.187 17.0249 -53.7233 15 -0.0330288 2.99405
26.0783 127.214 17.4668 -53.624 15 -0.0358703 3.03048
26.2223 124.221 17.8007 -53.5159 15 -0.0382777 3.06688
26.3663 121.214 18.0258 -53.4004 15 -0.0401909 3.10326
26.5102 118.198 18.1414 -53.279 15 -0.0415454 3.13963
26.6542 115.179 18.1474 -53.1535 15 -0.0422724 3.17599
26.7982 112.163 18.0436 -53.0259 15 -0.0423933 3.19419
26.9482 112.163 18.0436 -53.0259 15 -0.0423933 3.19419
27.0981 109.025 17.8784 -52.8926 15 -0.0423933 3.19419
27.248 105.887 17.7132 -52.7593 15 -0.0423933 3.19419
27.3979 102.749 17.5479 -52.626 15 -0.0423933 3.19419
27.5478 99.6105 17.3827 -52.4927 15 -0.0423933 3.19419
27.6977 96.4724 17.2175 -52.3594 15 -0.0423933 3.19419
27.8476 93.3342 17.0523 -52.2261 15 -0.0423933 3.19419
27.9975 90.1961 16.8871 -52.0928 15 -0.0423933 3.19419
28.1475 87.058 16.7219 -51.9595 15 -0.0423933 3.19419
28.2974 83.9199 16.5567 -51.8262 15 -0.0423933 3.19419
28.4473 80.7818 16.3915 -51.6929 15 -0.0423933 3.19419
28.5972 77.6437 16.2263 -51.5596 15 -0.0423933 3.19419
28.7471 74.5055 16.0611 -51.4263 15 -0.0423933 3.19419
28.897 71.3674 15.8959 -51.293 15 -0.0423933 3.19419
29.0469 68.2293 15.7307 -51.1597 15 -0.0423933 3.19419
29.1968 65.0912 15.5655 -51.0264 15 -0.0423933 3.19419
29.3467 61.9531 15.4003 -50.8931 15 -0.0423933 3.19419
29.4967 58.815 15.2351 -50.7598 15 -0.0423933 3.19419
29.6466 55.6769 15.0699 -50.6265 15 -0.0423933 3.19419
29.7965 52.5387 14.9047 -50.4932 15 -0.0423933 3.19419
29.9464 49.4006 14.7395 -50.3599 15 -0.0423933 3.19419
30.0963 46.2625 14.5743 -50.2266 15 -0.0423933 3.19419
30.2462 43.1244 14.4091 -50.0933 15 -0.0423933 3.19419
30.3961 39.9863 14.2439 -49.96 15 -0.0423933 3.19419
30.546 36.8482 14.0787 -49.8267 15 -0.0423933 3.19419
30.696 33.71 13.9135 -49.6934 15 -0.0423933 3.19419
30.8459 30.5719 13.7483 -49.5601 15 -0.0423933 3.19419
30.9958 27.4338 13.5831 -49.4268 15 -0.0423933 3.19419
31.1457 24.2957 13.4179 -49.2935 15 -0.0423933 3.19419
31.2956 21.1576 13.2527 -49.1602 15 -0.0423933 3.19419
31.4455 18.0195 13.0875 -49.0269 15 -0.0423933 3.19419
31.5954 14.8813 12.9223 -48.8936 15 -0.0423933 3.19419
31.7453 11.7432 12.7571 -48.7603 15 -0.0423933 3.19419
31.8953 8.60512 12.5919 -48.627 15 -0.0423933 3.19419
32.0452 5.467 12.4267 -48.4937 15 -0.0423933 3.19419
32.1951 2.32889 12.2615 -48.3604 15 -0.0423933 3.19419
32.345 -0.80923 12.0963 -48.2271 15 -0.0423933 3.19419
32.4949 -3.94735 11.9311 -48.0938 15 -0.0423933 3.19419
32.6448 -7.08546 11.7659 -47.9605 15 -0.0423933 3.19419
32.7947 -10.2236 11.6007 -47.8272 15 -0.0423933 3.19419
32.9446 -13.3617 11.4355 -47.6939 15 -0.0423933 3.19419
33.0946 -16.4998 11.2703 -47.5606 15 -0.0423933 3.19419
33.2445 -19.6379 11.1051 -47.4273 15 -0.0423933 3.19419
33.3944 -22.776 10.9399 -47.294 15 -0.0423933 3.19419
33.5443 -25.9142 10.7747 -47.1607 15 -0.0423933 3.19419
33.6942 -29.0523 10.6095 -47.0274 15 -0.0423933 3.19419
33.8441 -32.1904 10.4443 -46.8941 15 -0.0423933 3.19419
33.994 -35.3285 10.2791 -46.7608 15 -0.0423933 3.19419
34.1439 -38.4666 10.1139 -46.6275 15 -0.0423933 3.19419
34.2939 -41.6047 9.94871 -46.4942 15 -0.0423933 3.19419
34.4438 -44.7429 9.78351 -46.3609 15 -0.0423933 3.19419
34.5937 -47.881 9.61831 -46.2276 15 -0.0423933 3.19419
34.7436 -51.0191 9.45311 -46.0943 15 -0.0423933 3.19419
34.8935 -54.1572 9.28791 -45.961 15 -0.0423933 3.19419
35.0434 -57.2953 9.12271 -45.8277 15 -0.0423933 3.19419
35.1933 -60.4334 8.95751 -45.6944 15 -0.0423933 3.19419
35.3432 -63.5715 8.79231 -45.5611 15 -0.0423933 3.19419
35.4932 -66.7097 8.62711 -45.4278 15 -0.0423933 3.19419
35.6431 -69.8478 8.46191 -45.2945 15 -0.0423933 3.19419
35.793 -72.9859 8.29671 -45.1612 15 -0.0423933 3.19419
35.9429 -76.124 8.13151 -45.0279 15 -0.0423933 3.19419
36.0928 -79.2621 7.96631 -44.8946 15 -0.0423933 3.19419
36.2427 -82.4002 7.8011 -44.7613 15 -0.0423933 3.19419
36.3926 -85.5384 7.6359 -44.628 15 -0.0423933 3.19419
36.5425 -88.6765 7.4707 -44.4947 15 -0.0423933 3.19419
36.7089 -88.6765 7.4707 -44.4947 15 -0.0423933 3.19419
36.8753 -92.1589 7.28738 -44.3468 15 -0.0423933 3.19419
37.0416 -95.6414 7.10405 -44.1989 15 -0.0423933 3.19419
37.208 -99.1238 6.92072 -44.051 15 -0.0423933 3.19419
37.3743 -102.606 6.73739 -43.903 15 -0.0423933 3.19419
37.5407 -106.089 6.55406 -43.7551 15 -0.0423933 3.19419
37.7071 -109.571 6.37073 -43.6072 15 -0.0423933 3.19419
37.8734 -113.054 6.18741 -43.4593 15 -0.0423933 3.19419
38.0398 -116.536 6.00408 -43.3113 15 -0.0423933 3.19419
38.2062 -120.019 5.82075 -43.1634 15 -0.0423933 3.19419
38.3725 -123.501 5.63742 -43.0155 15 -0.0423933 3.19419
38.5389 -126.984 5.45409 -42.8676 15 -0.0423933 3.19419
38.7052 -130.466 5.27077 -42.7196 15 -0.0423933 3.19419
38.8716 -133.948 5.08744 -42.5717 15 -0.0423933 3.19419
39.038 -137.431 4.90411 -42.4238 15 -0.0423933 3.19419
39.2043 -140.913 4.72078 -42.2759 15 -0.0423933 3.19419
39.3707 -144.396 4.53745 -42.1279 15 -0.0423933 3.19419
39.5371 -147.878 4.35413 -41.98 15 -0.0423933 3.19419
39.7034 -151.361 4.1708 -41.8321 15 -0.0423933 3.19419
39.8698 -154.843 3.98747 -41.6842 15 -0.0423933 3.19419
40.0361 -158.326 3.80414 -41.5362 15 -0.0423933 3.19419
40.2025 -161.808 3.62081 -41.3883 15 -0.0423933 3.19419
40.3689 -165.291 3.43749 -41.2404 15 -0.0423933 3.19419
40.5352 -168.773 3.25416 -41.0924 15 -0.0423933 3.19419
40.7016 -172.255 3.07083 -40.9445 15 -0.0423933 3.19419
40.8679 -175.738 2.8875 -40.7966 15 -0.0423933 3.19419
41.0343 -179.22 2.70417 -40.6487 15 -0.0423933 3.19419
41.2007 -182.703 2.52085 -40.5007 15 -0.0423933 3.19419
41.367 -186.185 2.33752 -40.3528 15 -0.0423933 3.19419
41.5334 -189.668 2.15419 -40.2049 15 -0.0423933 3.19419
41.6998 -193.15 1.97086 -40.057 15 -0.0423933 3.19419
41.8661 -196.633 1.78753 -39.909 15 -0.0423933 3.19419
42.0325 -200.115 1.60421 -39.7611 15 -0.0423933 3.19419
42.1988 -203.598 1.42088 -39.6132 15 -0.0423933 3.19419
42.3652 -207.08 1.23755 -39.4653 15 -0.0423933 3.19419
42.5316 -210.562 1.05422 -39.3173 15 -0.0423933 3.19419
42.6979 -214.045 0.870893 -39.1694 15 -0.0423933 3.19419
42.8643 -217.527 0.687565 -39.0215 15 -0.0423933 3.19419
43.0307 -221.01 0.504237 -38.8736 15 -0.0423933 3.19419
43.197 -224.492 0.320909 -38.7256 15 -0.0423933 3.19419
43.3634 -227.975 0.137581 -38.5777 15 -0.0423933 3.19419
43.5297 -231.457 -0.045747 -38.4298 15 -0.0423933 3.19419
43.6961 -234.94 -0.229075 -38.2819 15 -0.0423933 3.19419
43.8625 -238.422 -0.412403 -38.1339 15 -0.0423933 3.19419
44.0288 -241.905 -0.595731 -37.986 15 -0.0423933 3.19419
44.1952 -245.387 -0.779059 -37.8381 15 -0.0423933 3.19419
44.3615 -248.87 -0.962387 -37.6902 15 -0.0423933 3.19419
44.5279 -252.352 -1.14572 -37.5422 15 -0.0423933 3.19419
44.6943 -255.834 -1.32904 -37.3943 15 -0.0423933 3.19419
44.8606 -259.317 -1.51237 -37.2464 15 -0.0423933 3.19419
45.027 -262.799 -1.6957 -37.0985 15 -0.0423933 3.19419
45.1934 -266.282 -1.87903 -36.9505 15 -0.0423933 3.19419
45.3597 -269.764 -2.06236 -36.8026 15 -0.0423933 3.19419
45.5261 -273.247 -2.24568 -36.6547 15 -0.0423933 3.19419
45.6924 -276.729 -2.42901 -36.5067 15 -0.0423933 3.19419
45.8588 -280.212 -2.61234 -36.3588 15 -0.0423933 3.19419
46.0252 -283.694 -2.79567 -36.2109 15 -0.0423933 3.19419
46.1915 -287.177 -2.979 -36.063 15 -0.0423933 3.19419
46.3579 -290.659 -3.16232 -35.915 15 -0.0423933 3.19419
46.5243 -294.141 -3.34565 -35.7671 15 -0.0423933 3.19419
46.6906 -297.624 -3.52898 -35.6192 15 -0.0423933 3.19419
46.857 -301.106 -3.71231 -35.4713 15 -0.0423933 3.19419
47.0233 -304.589 -3.89564 -35.3233 15 -0.0423933 3.19419
47.1897 -308.071 -4.07896 -35.1754 15 -0.0423933 3.19419
47.3561 -311.554 -4.26229 -35.0275 15 -0.0424746 3.2293
47.5305 -311.554 -4.26229 -35.0275 15 -0.0424746 3.2293
47.7049 -315.191 -4.58211 -34.8723 15 -0.042706 3.29962
47.8793 -318.784 -5.15471 -34.7168 15 -0.0429068 3.37013
48.0537 -322.309 -5.97457 -34.5615 15 -0.0428965 3.44091
48.2281 -325.741 -7.03375 -34.4073 15 -0.0425327 3.51207
48.4025 -329.058 -8.32204 -34.2558 15 -0.0417098 3.58369
48.5769 -332.238 -9.82698 -34.109 15 -0.0403593 3.65588
48.7513 -335.259 -11.534 -33.9689 15 -0.0384502 3.72875
48.9257 -338.103 -13.4267 -33.8375 15 -0.0359919 3.80243
49.1001 -340.753 -15.4867 -33.7166 15 -0.0330381 3.87704
49.2745 -343.193 -17.6942 -33.6079 15 -0.0296923 3.95275
49.4489 -345.409 -20.0278 -33.5123 15 -0.0261159 4.02972
49.6233 -347.391 -22.465 -33.4303 15 -0.0225383 4.10814
49.7977 -349.128 -24.9822 -33.3613 15 -0.01927 4.18823
49.9721 -350.616 -27.5551 -33.304 15 -0.0167196 4.27023
50.1465 -351.849 -30.1589 -33.2559 15 -0.0154141 4.35441
50.321 -352.825 -32.7683 -33.2129 15 -0.0153109 4.39817
50.5015 -352.825 -32.7683 -33.2129 15 -0.0153109 4.39817
50.682 -353.702 -35.4677 -33.1694 15 -0.0153109 4.39817
50.8625 -354.579 -38.1672 -33.126 15 -0.0153109 4.39817
51.043 -355.457 -40.8666 -33.0825 15 -0.0153109 4.39817
51.2235 -356.334 -43.566 -33.0391 15 -0.0153109 4.39817
51.404 -357.211 -46.2654 -32.9956 15 -0.0153109 4.39817
51.5845 -358.088 -48.9648 -32.9521 15 -0.0153109 4.39817
51.765 -358.966 -51.6642 -32.9087 15 -0.0153109 4.39817
51.9455 -359.843 -54.3636 -32.8652 15 -0.0153109 4.39817
52.126 -360.72 -57.063 -32.8217 15 -0.0153109 4.39817
52.3065 -361.597 -59.7624 -32.7783 15 -0.0153109 4.39817
52.487 -362.475 -62.4618 -32.7348 15 -0.0153109 4.39817
52.6675 -363.352 -65.1612 -32.6914 15 -0.0153109 4.39817
52.848 -364.229 -67.8607 -32.6479 15 -0.0153109 4.39817
53.0285 -365.107 -70.5601 -32.6044 15 -0.0153109 4.39817
53.209 -365.984 -73.2595 -32.561 15 -0.0153109 4.39817
53.3896 -366.861 -75.9589 -32.5175 15 -0.0153109 4.39817
53.5701 -367.738 -78.6583 -32.4741 15 -0.0153109 4.39817
53.7506 -368.616 -81.3577 -32.4306 15 -0.0153109 4.39817
53.9311 -369.493 -84.0571 -32.3871 15 -0.0153109 4.39817
54.1116 -370.37 -86.7565 -32.3437 15 -0.0153109 4.39817
54.2921 -371.248 -89.4559 -32.3002 15 -0.0153109 4.39817
54.4726 -372.125 -92.1553 -32.2567 15 -0.0153109 4.39817
54.6531 -373.002 -94.8548 -32.2133 15 -0.0153109 4.39817
54.8336 -373.879 -97.5542 -32.1698 15 -0.0153109 4.39817
55.0141 -374.757 -100.254 -32.1264 15 -0.0153109 4.39817
55.1946 -375.634 -102.953 -32.0829 15 -0.0153109 4.39817
55.3751 -376.511 -105.652 -32.0394 15 -0.0153109 4.39817
55.5556 -377.389 -108.352 -31.996 15 -0.0153109 4.39817
55.7361 -378.266 -111.051 -31.9525 15 -0.0153109 4.39817
55.9166 -379.143 -113.751 -31.9091 15 -0.0153109 4.39817
56.0971 -380.02 -116.45 -31.8656 15 -0.0153109 4.39817
56.2777 -380.898 -119.149 -31.8221 15 -0.0153109 4.39817
56.4592 -380.898 -119.149 -31.8221 15 -0.0153109 4.39817
56.6408 -381.78 -121.865 -31.7784 15 -0.0153109 4.39817
56.8224 -382.663 -124.581 -31.7347 15 -0.0153109 4.39817
57.004 -383.545 -127.296 -31.691 15 -0.0153109 4.39817
57.1856 -384.428 -130.012 -31.6472 15 -0.0153109 4.39817
57.3672 -385.31 -132.728 -31.6035 15 -0.0153109 4.39817
57.5488 -386.193 -135.443 -31.5598 15 -0.0153109 4.39817
57.7304 -387.076 -138.159 -31.5161 15 -0.0153109 4.39817
57.912 -387.958 -140.875 -31.4723 15 -0.0153109 4.39817
58.0936 -388.841 -143.59 -31.4286 15 -0.0153109 4.39817
58.2752 -389.723 -146.306 -31.3849 15 -0.0153109 4.39817
58.4568 -390.606 -149.022 -31.3412 15 -0.0153109 4.39817
58.6384 -391.488 -151.737 -31.2975 15 -0.0153109 4.39817
58.8199 -392.371 -154.453 -31.2537 15 -0.0153109 4.39817
59.0015 -393.254 -157.169 -31.21 15 -0.0153109 4.39817
59.1831 -394.136 -159.884 -31.1663 15 -0.0153109 4.39817
59.3647 -395.019 -162.6 -31.1226 15 -0.0153109 4.39817
59.5463 -395.901 -165.316 -31.0788 15 -0.0153109 4.39817
59.7279 -396.784 -168.031 -31.0351 15 -0.0153109 4.39817
59.9095 -397.666 -170.747 -30.9914 15 -0.0153109 4.39817
60.0911 -398.549 -173.463 -30.9477 15 -0.0153109 4.39817
60.2727 -399.431 -176.178 -30.9039 15 -0.0153109 4.39817
60.4543 -400.314 -178.894 -30.8602 15 -0.0153109 4.39817
60.6359 -401.197 -181.61 -30.8165 15 -0.0153109 4.39817
60.8175 -402.079 -184.325 -30.7728 15 -0.0153109 4.39817
60.9991 -402.962 -187.041 -30.729 15 -0.0153109 4.39817
61.1807 -403.844 -189.757 -30.6853 15 -0.0153109 4.39817
61.3622 -404.727 -192.472 -30.6416 15 -0.0153109 4.39817
61.5438 -405.609 -195.188 -30.5979 15 -0.0153109 4.39817
61.7254 -406.492 -197.904 -30.5542 15 -0.0153109 4.39817
61.907 -407.375 -200.619 -30.5104 15 -0.0153109 4.39817
62.0886 -408.257 -203.335 -30.4667 15 -0.0153109 4.39817
62.2702 -409.14 -206.051 -30.423 15 -0.0154401 4.4257
62.4821 -409.14 -206.051 -30.423 15 -0.0154401 4.4257
62.694 -410.071 -209.21 -30.3721 15 -0.0155162 4.48174
62.9059 -410.807 -212.342 -30.3222 15 -0.0153258 4.539
63.1179 -411.348 -215.435 -30.2741 15 -0.0148765 4.59759
63.3298 -411.699 -218.477 -30.2285 15 -0.0141792 4.65762
63.5417 -411.862 -221.455 -30.1862 15 -0.0132497 4.71923
63.7536 -411.842 -224.359 -30.1478 15 -0.0121089 4.78255
63.9655 -411.644 -227.176 -30.1135 15 -0.0107845 4.84772
64.1774 -411.274 -229.897 -30.0839 15 -0.00931164 4.91489
64.3893 -410.737 -232.51 -30.0591 15 -0.00773477 4.98422
64.8132 -410.042 -235.006 -30.0391 15 -0.00532052 5.09237
65.237 -408.204 -239.606 -30.0127 15 -0.00234705 5.24588
65.6608 -405.83 -243.627 -30.0017 15 -0.000392675 5.41065
66.0846 -402.993 -247.007 -30 15 -0 5.49779
66.5019 -402.993 -247.007 -30 15 -0 5.49779
66.9192 -400 -250 -30 15 -0 5.49779
66.9751 -400 -250 -30 15 -0 5.49779
67.031 -399.599 -250.401 -30 15 0.00024325 5.54119
67.2911 -399.599 -250.401 -30 15 0.00024325 5.54119
67.5512 -397.679 -252.162 -30.0006 15 0.00162504 5.63023
68.0713 -395.658 -253.707 -30.0048 15 0.0058489 5.76868
68.5915 -391.368 -256.132 -30.0336 15 0.0137467 5.96175
69.1116 -386.839 -257.64 -30.0992 15 0.0224483 6.16155
69.6318 -382.183 -258.209 -30.2045 15 0.0300365 0.0808906
70.1519 -377.516 -257.831 -30.3452 15 0.0352008 0.281595
70.672 -372.952 -256.511 -30.5125 15 0.0374754 0.476291
70.9321 -368.605 -254.268 -30.6959 15 0.0375087 0.616286
71.1922 -366.548 -252.811 -30.7905 15 0.0369112 0.706435
71.4522 -364.585 -251.136 -30.8858 15 0.0365065 0.750531
71.7285 -364.585 -251.136 -30.8858 15 0.0365065 0.750531
72.0047 -362.557 -249.245 -30.9871 15 0.0365065 0.750531
72.281 -360.529 -247.354 -31.0884 15 0.0365065 0.750531
72.5572 -358.501 -245.462 -31.1896 15 0.0365065 0.750531
72.8334 -356.473 -243.571 -31.2909 15 0.0365065 0.750531
73.1097 -354.445 -241.68 -31.3922 15 0.0365065 0.750531
73.3859 -352.417 -239.789 -31.4935 15 0.0365065 0.750531
73.6621 -350.39 -237.897 -31.5947 15 0.0365065 0.750531
73.9384 -348.362 -236.006 -31.696 15 0.0365065 0.750531
74.2146 -346.334 -234.115 -31.7973 15 0.0365065 0.750531
74.4909 -344.306 -232.224 -31.8986 15 0.0365065 0.750531
74.7671 -342.278 -230.332 -31.9998 15 0.0365065 0.750531
75.0433 -340.25 -228.441 -32.1011 15 0.0365065 0.750531
75.3196 -338.222 -226.55 -32.2024 15 0.0365065 0.750531
75.5958 -336.194 -224.659 -32.3037 15 0.0365065 0.750531
75.8721 -334.166 -222.767 -32.405 15 0.0365065 0.750531
76.1483 -332.138 -220.876 -32.5062 15 0.0365065 0.750531
76.4245 -330.11 -218.985 -32.6075 15 0.0365065 0.750531
76.7008 -328.082 -217.094 -32.7088 15 0.0365065 0.750531
76.977 -326.054 -215.202 -32.8101 15 0.0365065 0.750531
77.2532 -324.026 -213.311 -32.9113 15 0.0365065 0.750531
77.5295 -321.998 -211.42 -33.0126 15 0.0365065 0.750531
77.8057 -319.97 -209.529 -33.1139 15 0.0365065 0.750531
78.082 -317.942 -207.637 -33.2152 15 0.0365065 0.750531
78.3582 -315.914 -205.746 -33.3164 15 0.0365065 0.750531
78.6344 -313.886 -203.855 -33.4177 15 0.0365065 0.750531
78.9107 -311.858 -201.964 -33.519 15 0.0365065 0.750531
79.1869 -309.83 -200.072 -33.6203 15 0.0365065 0.750531
79.4631 -307.802 -198.181 -33.7215 15 0.0365065 0.750531
79.7394 -305.774 -196.29 -33.8228 15 0.0365065 0.750531
80.0156 -303.746 -194.399 -33.9241 15 0.0365065 0.750531
80.2919 -301.719 -192.507 -34.0254 15 0.0365065 0.750531
80.5681 -299.691 -190.616 -34.1267 15 0.0365065 0.750531
80.8397 -299.691 -190.616 -34.1267 15 0.0365065 0.750531
81.1114 -297.696 -188.756 -34.2262 15 0.0365065 0.750531
81.383 -295.702 -186.897 -34.3258 15 0.0365065 0.750531
81.6546 -293.708 -185.037 -34.4254 15 0.0365065 0.750531
81.9263 -291.714 -183.177 -34.525 15 0.0365065 0.750531
82.1979 -289.72 -181.317 -34.6246 15 0.0365065 0.750531
82.4696 -287.725 -179.458 -34.7242 15 0.0365065 0.750531
82.7412 -285.731 -177.598 -34.8238 15 0.0365065 0.750531
83.0128 -283.737 -175.738 -34.9234 15 0.0365065 0.750531
83.2845 -281.743 -173.878 -35.023 15 0.0365065 0.750531
83.5561 -279.749 -172.019 -35.1226 15 0.0365065 0.750531
83.8278 -277.754 -170.159 -35.2222 15 0.0365065 0.750531
84.0994 -275.76 -168.299 -35.3217 15 0.0365065 0.750531
84.371 -273.766 -166.439 -35.4213 15 0.0365065 0.750531
84.6427 -271.772 -164.58 -35.5209 15 0.0365065 0.750531
84.9143 -269.778 -162.72 -35.6205 15 0.0365065 0.750531
85.1859 -267.784 -160.86 -35.7201 15 0.0365065 0.750531
85.4576 -265.789 -159 -35.8197 15 0.0365065 0.750531
85.7292 -263.795 -157.14 -35.9193 15 0.0365065 0.750531
86.0009 -261.801 -155.281 -36.0189 15 0.0365065 0.750531
86.2725 -259.807 -153.421 -36.1185 15 0.0365065 0.750531
86.5441 -257.813 -151.561 -36.2181 15 0.0365065 0.750531
86.8158 -255.818 -149.701 -36.3176 15 0.0365065 0.750531
87.0874 -253.824 -147.842 -36.4172 15 0.0365065 0.750531
87.3591 -251.83 -145.982 -36.5168 15 0.0365065 0.750531
87.6307 -249.836 -144.122 -36.6164 15 0.0365065 0.750531
87.9023 -247.842 -142.262 -36.716 15 0.0365065 0.750531
88.174 -245.847 -140.403 -36.8156 15 0.0365065 0.750531
88.4456 -243.853 -138.543 -36.9152 15 0.0365065 0.750531
88.7172 -241.859 -136.683 -37.0148 15 0.0365065 0.750531
88.9889 -239.865 -134.823 -37.1144 15 0.0365065 0.750531
89.2605 -237.871 -132.964 -37.214 15 0.0365065 0.750531
89.5322 -235.876 -131.104 -37.3136 15 0.0344539 0.900014
89.931 -235.876 -131.104 -37.3136 15 0.0344539 0.900014
90.3299 -233.278 -127.829 -37.4576 15 0.0279694 1.17186
90.5294 -231.484 -123.574 -37.5868 15 0.0213619 1.35492
90.7288 -230.95 -121.137 -37.6402 15 0.0162397 1.46924
90.9282 -230.684 -118.529 -37.6827 15 0.0107493 1.57794
91.1277 -230.704 -115.782 -37.7123 15 0.00504091 1.68172
91.3271 -231.022 -112.924 -37.7267 15 -0.000728095 1.78124
91.5265 -231.649 -109.99 -37.7246 15 -0.00639309 1.87707
91.726 -232.59 -107.011 -37.7046 15 -0.0117812 1.96972
91.9254 -233.85 -104.023 -37.6664 15 -0.0167098 2.05961
92.1249 -235.427 -101.058 -37.6103 15 -0.0209842 2.14712
92.3243 -237.317 -98.15 -37.5375 15 -0.024395 2.23259
92.5237 -239.512 -95.3323 -37.4503 15 -0.0267156 2.31629
92.7232 -242.001 -92.6367 -37.3523 15 -0.0276985 2.39847
92.9226 -244.768 -90.0936 -37.2482 15 -0.0276776 2.43903
93.0765 -244.768 -90.0936 -37.2482 15 -0.0276776 2.43903
93.2304 -247.007 -88.1981 -37.1669 15 -0.0276776 2.43903
93.3843 -249.246 -86.3026 -37.0857 15 -0.0276776 2.43903
93.5382 -251.485 -84.4071 -37.0045 15 -0.0276776 2.43903
93.6921 -253.723 -82.5116 -36.9233 15 -0.0276776 2.43903
93.8461 -255.962 -80.6161 -36.8421 15 -0.0276776 2.43903
94 -258.201 -78.7206 -36.7609 15 -0.0276776 2.43903
94.1539 -260.44 -76.8251 -36.6797 15 -0.0276776 2.43903
94.3078 -262.678 -74.9296 -36.5985 15 -0.0276776 2.43903
94.4617 -264.917 -73.0341 -36.5173 15 -0.0276776 2.43903
94.6156 -267.156 -71.1386 -36.4361 15 -0.0276776 2.43903
94.7695 -269.395 -69.2431 -36.3548 15 -0.0276776 2.43903
94.9234 -271.633 -67.3476 -36.2736 15 -0.0276776 2.43903
95.0773 -273.872 -65.4521 -36.1924 15 -0.0276776 2.43903
95.2312 -276.111 -63.5566 -36.1112 15 -0.0276776 2.43903
95.3851 -278.349 -61.6611 -36.03 15 -0.0276776 2.43903
95.539 -280.588 -59.7656 -35.9488 15 -0.0276776 2.43903
95.7045 -280.588 -59.7656 -35.9488 15 -0.0276776 2.43903
95.87 -282.995 -57.7275 -35.8615 15 -0.0276776 2.43903
96.0355 -285.403 -55.6894 -35.7741 15 -0.0276776 2.43903
96.201 -287.81 -53.6513 -35.6868 15 -0.0276776 2.43903
96.3664 -290.217 -51.6131 -35.5995 15 -0.0276776 2.43903
96.5319 -292.624 -49.575 -35.5122 15 -0.0276776 2.43903
96.6974 -295.031 -47.5369 -35.4249 15 -0.0276776 2.43903
96.8629 -297.439 -45.4988 -35.3375 15 -0.0276776 2.43903
97.0284 -299.846 -43.4607 -35.2502 15 -0.0276776 2.43903
97.1939 -302.253 -41.4225 -35.1629 15 -0.0276776 2.43903
97.3594 -304.66 -39.3844 -35.0756 15 -0.0276776 2.43903
97.5248 -307.067 -37.3463 -34.9883 15 -0.0276776 2.43903
97.6903 -309.475 -35.3082 -34.9009 15 -0.0276776 2.43903
97.8558 -311.882 -33.2701 -34.8136 15 -0.0276776 2.43903
98.0213 -314.289 -31.2319 -34.7263 15 -0.0276776 2.43903
98.1868 -316.696 -29.1938 -34.639 15 -0.0276776 2.43903
98.3523 -319.103 -27.1557 -34.5517 15 -0.0275348 2.47877
98.5287 -319.103 -27.1557 -34.5517 15 -0.0275348 2.47877
98.7051 -321.78 -25.0658 -34.4581 15 -0.027684 2.55728
98.8815 -324.667 -23.1567 -34.3623 15 -0.0282446 2.63488
99.0579 -327.743 -21.4492 -34.2629 15 -0.0289321 2.71172
99.2343 -330.987 -19.962 -34.1596 15 -0.0295289 2.78793
99.4107 -334.375 -18.7115 -34.053 15 -0.0298754 2.86365
99.5872 -337.88 -17.7113 -33.944 15 -0.0298634 2.93897
99.7636 -341.476 -16.9724 -33.8343 15 -0.0294309 3.01402
99.94 -345.136 -16.503 -33.7257 15 -0.0285589 3.0889
100.116 -348.831 -16.3081 -33.62 15 -0.0272704 3.1637
100.293 -352.531 -16.3899 -33.5191 15 -0.0256297 3.23854
100.469 -356.209 -16.7475 -33.4243 15 -0.0237442 3.3135
100.646 -359.835 -17.3771 -33.3369 15 -0.0217675 3.3887
100.822 -363.381 -18.2716 -33.2573 15 -0.0199035 3.46424
100.998 -366.819 -19.4212 -33.1851 15 -0.0184131 3.54024
101.175 -370.125 -20.8135 -33.1191 15 -0.0176225 3.61681
101.351 -373.272 -22.4331 -33.0567 15 -0.0175482 3.65546
101.599 -373.272 -22.4331 -33.0567 15 -0.0175482 3.65546
101.846 -377.569 -24.8584 -32.9701 15 -0.0175482 3.65546
102.094 -381.866 -27.2838 -32.8835 15 -0.0175482 3.65546
102.342 -386.163 -29.7091 -32.7969 15 -0.0175482 3.65546
102.589 -390.46 -32.1345 -32.7103 15 -0.0175482 3.65546
102.837 -394.757 -34.5599 -32.6237 15 -0.0175482 3.65546
103.084 -399.053 -36.9852 -32.5372 15 -0.0175482 3.65546
103.332 -403.35 -39.4106 -32.4506 15 -0.0175482 3.65546
103.58 -407.647 -41.8359 -32.364 15 -0.0175482 3.65546
103.711 -407.647 -41.8359 -32.364 15 -0.0175482 3.65546
103.843 -409.931 -43.1254 -32.3179 15 -0.0175482 3.65546
103.975 -412.216 -44.4148 -32.2719 15 -0.0175482 3.65546
104.106 -414.5 -45.7043 -32.2259 15 -0.0175482 3.65546
104.238 -416.785 -46.9937 -32.1798 15 -0.0175482 3.65546
104.369 -419.069 -48.2832 -32.1338 15 -0.0175482 3.65546
104.501 -421.354 -49.5726 -32.0877 15 -0.0175482 3.65546
104.633 -423.638 -50.8621 -32.0417 15 -0.0175482 3.65546
104.764 -425.922 -52.1515 -31.9957 15 -0.0175482 3.65546
104.896 -428.207 -53.441 -31.9496 15 -0.0175482 3.65546
105.028 -430.491 -54.7304 -31.9036 15 -0.0175482 3.65546
105.159 -432.776 -56.0198 -31.8576 15 -0.0175482 3.65546
105.291 -435.06 -57.3093 -31.8115 15 -0.0175482 3.65546
105.423 -437.344 -58.5987 -31.7655 15 -0.0175482 3.65546
105.554 -439.629 -59.8882 -31.7194 15 -0.0175482 3.65546
105.686 -441.913 -61.1776 -31.6734 15 -0.0175482 3.65546
105.817 -444.198 -62.4671 -31.6274 15 -0.0177347 3.69549
105.983 -444.198 -62.4671 -31.6274 15 -0.0177347 3.69549
106.149 -446.984 -64.1903 -31.5693 15 -0.0182165 3.77638
106.315 -449.573 -66.0973 -31.5107 15 -0.0187729 3.85836
106.481 -451.947 -68.1656 -31.4516 15 -0.0192823 3.94162
106.647 -454.089 -70.3709 -31.3923 15 -0.0196402 4.02638
106.812 -455.985 -72.6874 -31.3335 15 -0.0197586 4.1129
106.978 -457.625 -75.0877 -31.276 15 -0.0195671 4.20145
107.144 -459.002 -77.5438 -31.2209 15 -0.0190145 4.29239
107.31 -460.111 -80.0269 -31.1692 15 -0.0180717 4.38608
107.476 -460.951 -82.5076 -31.1219 15 -0.016737 4.48297
107.807 -461.523 -84.957 -31.0798 15 -0.0140951 4.63486
108.139 -461.887 -89.6472 -31.0135 15 -0.00993701 4.85481
108.471 -461.28 -93.8778 -30.971 15 -0.00667911 5.09935
108.802 -459.824 -97.4507 -30.9452 15 -0.00607644 5.23395
109.177 -459.824 -97.4507 -30.9452 15 -0.00607644 5.23395
109.551 -457.757 -101.048 -30.92 15 -0.00607644 5.23395
109.926 -455.69 -104.645 -30.8948 15 -0.00607644 5.23395
110.3 -453.623 -108.243 -30.8696 15 -0.00607644 5.23395
110.675 -451.556 -111.84 -30.8444 15 -0.00607644 5.23395
111.049 -449.488 -115.438 -30.8192 15 -0.00607644 5.23395
111.424 -447.421 -119.035 -30.794 15 -0.00607644 5.23395
111.798 -445.354 -122.632 -30.7687 15 -0.00607644 5.23395
112.173 -443.287 -126.23 -30.7435 15 -0.00607644 5.23395
112.547 -441.22 -129.827 -30.7183 15 -0.00607644 5.23395
112.922 -439.152 -133.425 -30.6931 15 -0.00607644 5.23395
113.296 -437.085 -137.022 -30.6679 15 -0.00607644 5.23395
113.671 -435.018 -140.619 -30.6427 15 -0.00607644 5.23395
114.045 -432.951 -144.217 -30.6175 15 -0.00607644 5.23395
114.42 -430.884 -147.814 -30.5923 15 -0.00607644 5.23395
114.794 -428.817 -151.411 -30.567 15 -0.00607644 5.23395
115.169 -426.749 -155.009 -30.5418 15 -0.00607644 5.23395
115.569 -426.749 -155.009 -30.5418 15 -0.00607644 5.23395
115.969 -424.54 -158.854 -30.5149 15 -0.00607644 5.23395
116.369 -422.33 -162.7 -30.4879 15 -0.00607644 5.23395
116.77 -420.12 -166.545 -30.461 15 -0.00607644 5.23395
117.17 -417.91 -170.391 -30.434 15 -0.00607644 5.23395
117.57 -415.701 -174.236 -30.4071 15 -0.00607644 5.23395
117.971 -413.491 -178.081 -30.3801 15 -0.00607644 5.23395
118.371 -411.281 -181.927 -30.3532 15 -0.00607644 5.23395
118.771 -409.072 -185.772 -30.3262 15 -0.00607644 5.23395
119.172 -406.862 -189.618 -30.2993 15 -0.00607644 5.23395
119.572 -404.652 -193.463 -30.2723 15 -0.00607644 5.23395
119.972 -402.442 -197.309 -30.2454 15 -0.00607644 5.23395
120.373 -400.233 -201.154 -30.2184 15 -0.00607644 5.23395
120.773 -398.023 -205 -30.1915 15 -0.00607644 5.23395
121.173 -395.813 -208.845 -30.1645 15 -0.00607644 5.23395
121.573 -393.604 -212.69 -30.1376 15 -0.00607644 5.23395
121.974 -391.394 -216.536 -30.1106 15 -0.00588807 5.1269
122.278 -391.394 -216.536 -30.1106 15 -0.00588807 5.1269
122.583 -389.98 -219.75 -30.09 15 -0.00553142 4.92852
122.888 -389.163 -223.47 -30.0689 15 -0.00500727 4.74684
123.193 -389.021 -227.589 -30.0483 15 -0.00419135 4.57868
123.497 -389.612 -231.983 -30.0297 15 -0.00311725 4.4213
123.65 -390.973 -236.524 -30.0149 15 -0.00222574 4.30928
123.802 -391.947 -238.808 -30.0094 15 -0.00163189 4.23664
123.954 -393.116 -241.078 -30.0052 15 -0.00107829 4.16558
124.107 -394.48 -243.319 -30.0024 15 -0.000600725 4.09592
124.259 -396.034 -245.512 -30.0008 15 -0.000238864 4.02751
124.412 -397.774 -247.642 -30.0001 15 -3.63757e-005 3.9602
124.564 -399.694 -249.694 -30 15 -0 3.92699
124.587 -399.694 -249.694 -30 15 -0 3.92699
124.61 -400 -250 -30 15 -0 3.92699
124.788 -400 -250 -30 15 -0 3.92699
124.965 -402.338 -252.338 -30 15 -0 3.92699
125.143 -404.677 -254.677 -30 15 0.000875411 3.92194
125.386 -404.677 -254.677 -30 15 0.000875411 3.92194
125.63 -407.905 -257.872 -30.004 15 0.00568279 3.91185
125.873 -411.174 -261.044 -30.0299 15 0.0140635 3.90178
126.117 -414.486 -264.193 -30.0941 15 0.024639 3.89173
126.36 -417.838 -267.316 -30.207 15 0.0359951 3.8817
126.604 -421.231 -270.415 -30.3725 15 0.0466843 3.87169
126.847 -424.664 -273.488 -30.5878 15 0.0552293 3.8617
127.091 -428.137 -276.535 -30.8432 15 0.0601238 3.85173
127.334 -431.65 -279.556 -31.1221 15 0.0611107 3.84614
127.556 -431.65 -279.556 -31.1221 15 0.0611107 3.84614
127.777 -434.862 -282.286 -31.38 15 0.0611107 3.84614
127.999 -438.074 -285.016 -31.638 15 0.0611107 3.84614
128.221 -441.286 -287.747 -31.8959 15 0.0611107 3.84614
128.443 -444.497 -290.477 -32.1538 15 0.0611107 3.84614
128.664 -447.709 -293.207 -32.4118 15 0.0611107 3.84614
128.886 -450.921 -295.937 -32.6697 15 0.0611107 3.84614
129.108 -454.133 -298.668 -32.9276 15 0.0611107 3.84614
129.329 -457.345 -301.398 -33.1855 15 0.0611107 3.84614
129.551 -460.556 -304.128 -33.4435 15 0.0611107 3.84614
129.773 -463.768 -306.859 -33.7014 15 0.0611107 3.84614
129.995 -466.98 -309.589 -33.9593 15 0.0611107 3.84614
130.216 -470.192 -312.319 -34.2173 15 0.0611107 3.84614
130.438 -473.403 -315.049 -34.4752 15 0.0611107 3.84614
130.66 -476.615 -317.78 -34.7331 15 0.0611107 3.84614
130.881 -479.827 -320.51 -34.9911 15 0.0611107 3.84614
131.103 -483.039 -323.24 -35.249 15 0.0611107 3.84614
131.325 -486.25 -325.97 -35.5069 15 0.0611107 3.84614
131.547 -489.462 -328.701 -35.7648 15 0.0611107 3.84614
131.768 -492.674 -331.431 -36.0228 15 0.0611107 3.84614
131.99 -495.886 -334.161 -36.2807 15 0.0611107 3.84614
132.212 -499.098 -336.892 -36.5386 15 0.0611107 3.84614
132.434 -502.309 -339.622 -36.7966 15 0.0611107 3.84614
132.655 -505.521 -342.352 -37.0545 15 0.0611107 3.84614
132.877 -508.733 -345.082 -37.3124 15 0.0611107 3.84614
133.099 -511.945 -347.813 -37.5704 15 0.0611107 3.84614
133.32 -515.156 -350.543 -37.8283 15 0.0611107 3.84614
133.542 -518.368 -353.273 -38.0862 15 0.0611107 3.84614
133.764 -521.58 -356.004 -38.3441 15 0.0611107 3.84614
133.986 -524.792 -358.734 -38.6021 15 0.0611107 3.84614
134.207 -528.004 -361.464 -38.86 15 0.0611107 3.84614
134.429 -531.215 -364.194 -39.1179 15 0.0611107 3.84614
134.651 -534.427 -366.925 -39.3759 15 0.0611107 3.84614
134.825 -534.427 -366.925 -39.3759 15 0.0611107 3.84614
134.999 -536.949 -369.069 -39.5784 15 0.0611107 3.84614
135.173 -539.471 -371.213 -39.7809 15 0.0611107 3.84614
135.347 -541.993 -373.357 -39.9835 15 0.0611107 3.84614
135.521 -544.515 -375.5 -40.186 15 0.0611107 3.84614
135.695 -547.037 -377.644 -40.3885 15 0.0611107 3.84614
135.869 -549.559 -379.788 -40.5911 15 0.0611107 3.84614
136.044 -552.081 -381.932 -40.7936 15 0.0611107 3.84614
136.218 -554.603 -384.076 -40.9961 15 0.0611107 3.84614
136.392 -557.125 -386.22 -41.1987 15 0.0611107 3.84614
136.566 -559.647 -388.364 -41.4012 15 0.0611107 3.84614
136.74 -562.169 -390.508 -41.6037 15 0.0611107 3.84614
136.914 -564.691 -392.652 -41.8063 15 0.0611107 3.84614
137.088 -567.213 -394.796 -42.0088 15 0.0611107 3.84614
137.262 -569.735 -396.94 -42.2114 15 0.0611107 3.84614
137.436 -572.257 -399.084 -42.4139 15 0.0611107 3.84614
137.61 -574.779 -401.227 -42.6164 15 0.0611107 3.84614
137.785 -577.301 -403.371 -42.819 15 0.0611107 3.84614
137.959 -579.823 -405.515 -43.0215 15 0.0611107 3.84614
138.133 -582.345 -407.659 -43.224 15 0.0611107 3.84614
138.307 -584.867 -409.803 -43.4266 15 0.0611107 3.84614
138.481 -587.389 -411.947 -43.6291 15 0.0611107 3.84614
138.655 -589.911 -414.091 -43.8316 15 0.0611107 3.84614
138.829 -592.433 -416.235 -44.0342 15 0.0611107 3.84614
139.003 -594.955 -418.379 -44.2367 15 0.0611107 3.84614
139.177 -597.477 -420.523 -44.4392 15 0.0611107 3.84614
139.351 -599.999 -422.667 -44.6418 15 0.0611107 3.84614
139.526 -602.521 -424.811 -44.8443 15 0.0611107 3.84614
139.7 -605.043 -426.954 -45.0469 15 0.0611107 3.84614
139.874 -607.565 -429.098 -45.2494 15 0.0611107 3.84614
140.048 -610.087 -431.242 -45.4519 15 0.0611107 3.84614
140.222 -612.609 -433.386 -45.6545 15 0.0611107 3.84614
140.396 -615.131 -435.53 -45.857 15 0.0623653 3.88988
140.639 -615.131 -435.53 -45.857 15 0.0623653 3.88988
140.882 -618.471 -438.631 -46.1416 15 0.0665671 3.97876
141.124 -621.443 -441.928 -46.4375 15 0.0725702 4.06945
141.367 -624.027 -445.377 -46.7508 15 0.0794095 4.16228
141.61 -626.207 -448.932 -47.0826 15 0.0862193 4.25761
141.853 -627.974 -452.547 -47.4304 15 0.09223 4.35588
142.095 -629.325 -456.173 -47.7884 15 0.0967687 4.45759
142.338 -630.26 -459.764 -48.1486 15 0.0992679 4.56335
142.581 -630.787 -463.271 -48.5018 15 0.0992841 4.67383
142.824 -630.917 -466.648 -48.8384 15 0.0965319 4.78982
143.066 -630.669 -469.851 -49.1495 15 0.0909404 4.91222
143.309 -630.064 -472.837 -49.4273 15 0.0827386 5.042
143.552 -629.13 -475.566 -49.6665 15 0.0725771 5.18016
143.795 -627.899 -478.004 -49.8651 15 0.0616805 5.32762
144.28 -626.406 -480.116 -50.0248 15 0.049432 5.56698
144.766 -622.793 -483.261 -50.2618 15 0.045548 5.74124
145.112 -622.793 -483.261 -50.2618 15 0.045548 5.74124
145.459 -619.962 -484.966 -50.4124 15 0.045548 5.74124
145.806 -617.132 -486.67 -50.563 15 0.045548 5.74124
146.152 -614.301 -488.374 -50.7136 15 0.045548 5.74124
146.499 -611.471 -490.078 -50.8642 15 0.0455479 5.74124
146.976 -611.471 -490.078 -50.8642 15 0.0455479 5.74124
147.454 -607.573 -492.425 -51.0716 15 0.0454339 5.79155
147.906 -607.573 -492.425 -51.0716 15 0.0454339 5.79155
148.358 -603.815 -494.437 -51.2654 15 0.0428333 5.89425
148.809 -599.94 -496.025 -51.4449 15 0.0370434 5.99922
149.261 -595.976 -497.182 -51.5979 15 0.0285559 6.10595
149.713 -591.951 -497.903 -51.7147 15 0.017941 6.2138
150.165 -587.893 -498.185 -51.7877 15 0.00582854 0.0389246
150.617 -583.832 -498.027 -51.8114 15 -0.00712129 0.146978
151.069 -579.794 -497.429 -51.7823 15 -0.020254 0.254085
151.521 -575.81 -496.394 -51.6989 15 -0.0329574 0.359608
151.973 -571.907 -494.927 -51.5615 15 -0.0446921 0.462997
152.425 -568.114 -493.034 -51.3718 15 -0.0550124 0.56381
152.877 -564.457 -490.721 -51.1336 15 -0.0635743 0.661719
153.329 -560.964 -488.001 -50.8517 15 -0.0701339 0.756512
153.781 -557.66 -484.883 -50.5326 15 -0.0745371 0.848081
154.233 -554.572 -481.381 -50.1839 15 -0.0767052 0.936403
154.685 -551.723 -477.509 -49.8145 15 -0.0766191 1.02153
155.137 -549.138 -473.285 -49.4343 15 -0.0759256 1.06339
155.431 -549.138 -473.285 -49.4343 15 -0.0759256 1.06339
155.724 -547.552 -470.432 -49.186 15 -0.0759256 1.06339
156.018 -545.965 -467.579 -48.9377 15 -0.0759256 1.06339
156.312 -544.379 -464.727 -48.6894 15 -0.0759256 1.06339
156.606 -542.793 -461.874 -48.4411 15 -0.0759256 1.06339
156.899 -541.207 -459.021 -48.1928 15 -0.0759256 1.06339
157.193 -539.621 -456.168 -47.9444 15 -0.0759256 1.06339
157.487 -538.035 -453.315 -47.6961 15 -0.0759256 1.06339
157.781 -536.449 -450.462 -47.4478 15 -0.0759256 1.06339
158.074 -534.863 -447.609 -47.1995 15 -0.0759256 1.06339
158.368 -533.277 -444.756 -46.9512 15 -0.0759256 1.06339
158.662 -531.691 -441.903 -46.7029 15 -0.0759256 1.06339
158.955 -530.104 -439.05 -46.4546 15 -0.0759256 1.06339
159.249 -528.518 -436.197 -46.2063 15 -0.0759256 1.06339
159.543 -526.932 -433.345 -45.958 15 -0.0759256 1.06339
159.837 -525.346 -430.492 -45.7096 15 -0.0759256 1.06339
160.13 -523.76 -427.639 -45.4613 15 -0.0759256 1.06339
160.424 -522.174 -424.786 -45.213 15 -0.0759256 1.06339
160.718 -520.588 -421.933 -44.9647 15 -0.0759256 1.06339
161.012 -519.002 -419.08 -44.7164 15 -0.0759256 1.06339
161.305 -517.416 -416.227 -44.4681 15 -0.0759256 1.06339
161.599 -515.829 -413.374 -44.2198 15 -0.0759256 1.06339
161.893 -514.243 -410.521 -43.9715 15 -0.0759256 1.06339
162.187 -512.657 -407.668 -43.7231 15 -0.0759256 1.06339
162.48 -511.071 -404.815 -43.4748 15 -0.0759256 1.06339
162.774 -509.485 -401.963 -43.2265 15 -0.0759256 1.06339
163.068 -507.899 -399.11 -42.9782 15 -0.0759256 1.06339
163.362 -506.313 -396.257 -42.7299 15 -0.0759256 1.06339
163.655 -504.727 -393.404 -42.4816 15 -0.0759256 1.06339
163.949 -503.141 -390.551 -42.2333 15 -0.0759256 1.06339
164.243 -501.555 -387.698 -41.985 15 -0.0759256 1.06339
164.536 -499.968 -384.845 -41.7367 15 -0.0759256 1.06339
164.83 -498.382 -381.992 -41.4883 15 -0.0759256 1.06339
165.175 -498.382 -381.992 -41.4883 15 -0.0759256 1.06339
165.52 -496.521 -378.645 -41.197 15 -0.0759256 1.06339
165.864 -494.66 -375.297 -40.9056 15 -0.0759256 1.06339
166.209 -492.799 -371.95 -40.6143 15 -0.0759256 1.06339
166.553 -490.938 -368.603 -40.3229 15 -0.0759256 1.06339
166.898 -489.077 -365.255 -40.0316 15 -0.0759256 1.06339
167.243 -487.216 -361.908 -39.7402 15 -0.0759256 1.06339
167.587 -485.355 -358.56 -39.4489 15 -0.0759256 1.06339
167.932 -483.494 -355.213 -39.1575 15 -0.0759256 1.06339
168.277 -481.633 -351.865 -38.8662 15 -0.0759256 1.06339
168.621 -479.772 -348.518 -38.5748 15 -0.0759256 1.06339
168.966 -477.911 -345.171 -38.2835 15 -0.0759256 1.06339
169.311 -476.05 -341.823 -37.9921 15 -0.0759256 1.06339
169.655 -474.189 -338.476 -37.7008 15 -0.0759256 1.06339
170 -472.328 -335.128 -37.4094 15 -0.0759256 1.06339
170.345 -470.467 -331.781 -37.1181 15 -0.0759256 1.06339
170.689 -468.606 -328.434 -36.8267 15 -0.0759256 1.06339
171.034 -466.745 -325.086 -36.5353 15 -0.0759256 1.06339
171.379 -464.884 -321.739 -36.244 15 -0.0759256 1.06339
171.723 -463.023 -318.391 -35.9526 15 -0.0759256 1.06339
172.068 -461.162 -315.044 -35.6613 15 -0.0759256 1.06339
172.413 -459.301 -311.696 -35.3699 15 -0.0759256 1.06339
172.757 -457.44 -308.349 -35.0786 15 -0.0759256 1.06339
173.102 -455.579 -305.002 -34.7872 15 -0.0759256 1.06339
173.447 -453.718 -301.654 -34.4959 15 -0.0759256 1.06339
173.791 -451.857 -298.307 -34.2045 15 -0.0759256 1.06339
174.136 -449.996 -294.959 -33.9132 15 -0.0759256 1.06339
174.48 -448.135 -291.612 -33.6218 15 -0.0759256 1.06339
174.825 -446.274 -288.265 -33.3305 15 -0.0759256 1.06339
175.17 -444.413 -284.917 -33.0391 15 -0.0759256 1.06339
175.514 -442.552 -281.57 -32.7478 15 -0.0759256 1.06339
175.859 -440.69 -278.222 -32.4564 15 -0.0759256 1.06339
176.204 -438.829 -274.875 -32.1651 15 -0.0764925 1.03541
176.51 -438.829 -274.875 -32.1651 15 -0.0764925 1.03541
176.817 -437.109 -271.974 -31.9065 15 -0.0766957 0.978318
177.124 -435.263 -269.232 -31.6526 15 -0.0755317 0.919765
177.431 -433.301 -266.656 -31.4075 15 -0.0730317 0.859728
177.737 -431.228 -264.25 -31.1752 15 -0.0692567 0.798191
178.044 -429.053 -262.019 -30.959 15 -0.0643017 0.735155
178.351 -426.784 -259.967 -30.762 15 -0.0582999 0.670636
178.658 -424.428 -258.098 -30.5865 15 -0.051426 0.604669
178.964 -421.994 -256.416 -30.4343 15 -0.0438991 0.537311
179.271 -419.49 -254.924 -30.3062 15 -0.0359844 0.468646
179.578 -416.925 -253.626 -30.2027 15 -0.0279922 0.398778
179.885 -414.306 -252.522 -30.1231 15 -0.0202761 0.327838
180.191 -411.643 -251.617 -30.0661 15 -0.0132278 0.255983
180.498 -408.945 -250.91 -30.0292 15 -0.00727071 0.18339
180.805 -406.22 -250.405 -30.0091 15 -0.00285132 0.110255
181.112 -403.477 -250.101 -30.0012 15 -0.000429311 0.0367889
181.418 -400.725 -250 -30 15 -0 0
181.499 -400.725 -250 -30 15 -0 0
181.579 -400 -250 -30 15 -0 0
182.087 -400 -250 -30 15 -0 0
182.595 -395.432 -250 -30 15 0.000581619 0.0513135
183.136 -395.432 -250 -30 15 0.000581619 0.0513135
183.677 -390.565 -249.75 -30.0028 15 0.00369575 0.15364
184.218 -385.73 -249.001 -30.0209 15 0.00889891 0.255079
184.76 -380.956 -247.756 -30.0648 15 0.0151164 0.355092
185.03 -376.273 -246.02 -30.1403 15 0.0198551 0.428848
185.301 -373.976 -244.97 -30.1905 15 0.0228416 0.47736
185.572 -371.713 -243.799 -30.2487 15 0.0255668 0.525281
185.842 -369.487 -242.509 -30.3145 15 0.0279402 0.572574
186.113 -367.304 -241.102 -30.3871 15 0.0298806 0.619209
186.384 -365.165 -239.577 -30.4656 15 0.0313163 0.665161
186.654 -363.075 -237.938 -30.5488 15 0.0321849 0.710412
186.925 -361.038 -236.185 -30.6353 15 0.0324329 0.754948
187.196 -359.056 -234.32 -30.7236 15 0.0323472 0.777027
187.473 -359.056 -234.32 -30.7236 15 0.0323472 0.777027
187.75 -357.058 -232.356 -30.8143 15 0.0323472 0.777027
188.027 -355.06 -230.391 -30.905 15 0.0323472 0.777027
188.304 -353.061 -228.426 -30.9956 15 0.0323472 0.777027
188.581 -351.063 -226.461 -31.0863 15 0.0323472 0.777027
188.858 -349.065 -224.496 -31.177 15 0.0323472 0.777027
189.135 -347.067 -222.531 -31.2677 15 0.0323472 0.777027
189.412 -345.069 -220.566 -31.3584 15 0.0323472 0.777027
189.689 -343.071 -218.601 -31.4491 15 0.0323472 0.777027
189.966 -341.073 -216.636 -31.5397 15 0.0323472 0.777027
190.243 -339.075 -214.671 -31.6304 15 0.0323472 0.777027
190.52 -337.076 -212.706 -31.7211 15 0.0323472 0.777027
190.797 -335.078 -210.741 -31.8118 15 0.0323472 0.777027
191.074 -333.08 -208.776 -31.9025 15 0.0323472 0.777027
191.351 -331.082 -206.811 -31.9931 15 0.0323472 0.777027
191.628 -329.084 -204.846 -32.0838 15 0.0323472 0.777027
191.905 -327.086 -202.881 -32.1745 15 0.0323472 0.777027
192.182 -325.088 -200.917 -32.2652 15 0.0323472 0.777027
192.459 -323.09 -198.952 -32.3559 15 0.0323472 0.777027
192.736 -321.092 -196.987 -32.4465 15 0.0323472 0.777027
193.013 -319.093 -195.022 -32.5372 15 0.0323472 0.777027
193.29 -317.095 -193.057 -32.6279 15 0.0323472 0.777027
193.567 -315.097 -191.092 -32.7186 15 0.0323472 0.777027
193.844 -313.099 -189.127 -32.8093 15 0.0323472 0.777027
194.121 -311.101 -187.162 -32.9 15 0.0323472 0.777027
194.398 -309.103 -185.197 -32.9906 15 0.0323472 0.777027
194.675 -307.105 -183.232 -33.0813 15 0.0323472 0.777027
194.952 -305.107 -181.267 -33.172 15 0.0323472 0.777027
195.229 -303.109 -179.302 -33.2627 15 0.0323472 0.777027
195.506 -301.11 -177.337 -33.3534 15 0.0323472 0.777027
195.783 -299.112 -175.372 -33.444 15 0.0323472 0.777027
196.06 -297.114 -173.407 -33.5347 15 0.0323472 0.777027
196.337 -295.116 -171.442 -33.6254 15 0.0323472 0.777027
196.614 -293.118 -169.478 -33.7161 15 0.0323472 0.777027
196.891 -291.12 -167.513 -33.8068 15 0.0323472 0.777027
197.168 -289.122 -165.548 -33.8974 15 0.0323472 0.777027
197.445 -287.124 -163.583 -33.9881 15 0.0323472 0.777027
197.722 -285.126 -161.618 -34.0788 15 0.0323472 0.777027
197.999 -283.127 -159.653 -34.1695 15 0.0323472 0.777027
198.276 -281.129 -157.688 -34.2602 15 0.0323472 0.777027
198.553 -279.131 -155.723 -34.3509 15 0.0323472 0.777027
198.83 -277.133 -153.758 -34.4415 15 0.0323472 0.777027
199.107 -275.135 -151.793 -34.5322 15 0.0323472 0.777027
199.384 -273.137 -149.828 -34.6229 15 0.0323472 0.777027
199.661 -271.139 -147.863 -34.7136 15 0.0323472 0.777027
199.938 -269.141 -145.898 -34.8043 15 0.0323472 0.777027
200.215 -267.143 -143.933 -34.8949 15 0.0323472 0.777027
200.492 -265.144 -141.968 -34.9856 15 0.0323472 0.777027
200.77 -263.146 -140.003 -35.0763 15 0.0323472 0.777027
201.047 -261.148 -138.039 -35.167 15 0.0323472 0.777027
201.324 -259.15 -136.074 -35.2577 15 0.0323472 0.777027
201.601 -257.152 -134.109 -35.3483 15 0.0323472 0.777027
201.878 -255.154 -132.144 -35.439 15 0.0323472 0.777027
202.155 -253.156 -130.179 -35.5297 15 0.0323472 0.777027
202.432 -251.158 -128.214 -35.6204 15 0.0323472 0.777027
202.709 -249.159 -126.249 -35.7111 15 0.0323472 0.777027
202.986 -247.161 -124.284 -35.8018 15 0.0323472 0.777027
203.263 -245.163 -122.319 -35.8924 15 0.0323472 0.777027
203.54 -243.165 -120.354 -35.9831 15 0.0323472 0.777027
203.817 -241.167 -118.389 -36.0738 15 0.0323472 0.777027
204.094 -239.169 -116.424 -36.1645 15 0.0323472 0.777027
204.371 -237.171 -114.459 -36.2552 15 0.0323472 0.777027
204.648 -235.173 -112.494 -36.3458 15 0.0323472 0.777027
204.925 -233.175 -110.529 -36.4365 15 0.0323472 0.777027
205.202 -231.176 -108.564 -36.5272 15 0.0323472 0.777027
205.49 -231.176 -108.564 -36.5272 15 0.0323472 0.777027
205.779 -229.096 -106.519 -36.6216 15 0.0323472 0.777027
206.067 -227.016 -104.473 -36.716 15 0.0323472 0.777027
206.355 -224.936 -102.427 -36.8104 15 0.0323472 0.777027
206.644 -222.856 -100.382 -36.9048 15 0.0323472 0.777027
206.932 -220.776 -98.3362 -36.9992 15 0.0323472 0.777027
207.221 -218.695 -96.2905 -37.0936 15 0.0323472 0.777027
207.509 -216.615 -94.2449 -37.1881 15 0.0323472 0.777027
207.797 -214.535 -92.1992 -37.2825 15 0.0323472 0.777027
208.086 -212.455 -90.1536 -37.3769 15 0.0323472 0.777027
208.374 -210.375 -88.1079 -37.4713 15 0.0323472 0.777027
208.663 -208.294 -86.0623 -37.5657 15 0.0323472 0.777027
208.951 -206.214 -84.0166 -37.6601 15 0.0323472 0.777027
209.239 -204.134 -81.9709 -37.7545 15 0.0323472 0.777027
209.528 -202.054 -79.9253 -37.8489 15 0.0323472 0.777027
209.816 -199.974 -77.8796 -37.9433 15 0.0323472 0.777027
210.105 -197.893 -75.834 -38.0377 15 0.0323472 0.777027
210.393 -195.813 -73.7883 -38.1321 15 0.0323472 0.777027
210.681 -193.733 -71.7427 -38.2265 15 0.0323472 0.777027
210.97 -191.653 -69.697 -38.3209 15 0.0323472 0.777027
211.258 -189.573 -67.6514 -38.4153 15 0.0323472 0.777027
211.547 -187.492 -65.6057 -38.5097 15 0.0323472 0.777027
211.835 -185.412 -63.5601 -38.6041 15 0.0323472 0.777027
212.123 -183.332 -61.5144 -38.6986 15 0.0323472 0.777027
212.412 -181.252 -59.4688 -38.793 15 0.0323472 0.777027
212.7 -179.172 -57.4231 -38.8874 15 0.0323472 0.777027
212.989 -177.091 -55.3774 -38.9818 15 0.0323472 0.777027
213.277 -175.011 -53.3318 -39.0762 15 0.0323472 0.777027
213.565 -172.931 -51.2861 -39.1706 15 0.0323472 0.777027
213.854 -170.851 -49.2405 -39.265 15 0.0323472 0.777027
214.142 -168.771 -47.1948 -39.3594 15 0.0323472 0.777027
214.431 -166.69 -45.1492 -39.4538 15 0.0323472 0.777027
214.719 -164.61 -43.1035 -39.5482 15 0.0323472 0.777027
215.007 -162.53 -41.0579 -39.6426 15 0.0323472 0.777027
215.296 -160.45 -39.0122 -39.737 15 0.0323472 0.777027
215.584 -158.37 -36.9666 -39.8314 15 0.0323472 0.777027
215.873 -156.29 -34.9209 -39.9258 15 0.0323472 0.777027
216.161 -154.209 -32.8753 -40.0202 15 0.0323472 0.777027
216.449 -152.129 -30.8296 -40.1146 15 0.0323472 0.777027
216.738 -150.049 -28.7839 -40.2091 15 0.0323472 0.777027
217.026 -147.969 -26.7383 -40.3035 15 0.0323472 0.777027
217.315 -145.889 -24.6926 -40.3979 15 0.0323472 0.777027
217.603 -143.808 -22.647 -40.4923 15 0.0323472 0.777027
217.891 -141.728 -20.6013 -40.5867 15 0.0323472 0.777027
218.18 -139.648 -18.5557 -40.6811 15 0.0323472 0.777027
218.468 -137.568 -16.51 -40.7755 15 0.0323472 0.777027
218.757 -135.488 -14.4644 -40.8699 15 0.0323472 0.777027
219.045 -133.407 -12.4187 -40.9643 15 0.0323472 0.777027
219.333 -131.327 -10.3731 -41.0587 15 0.0323472 0.777027
219.622 -129.247 -8.3274 -41.1531 15 0.0323472 0.777027
219.91 -127.167 -6.28175 -41.2475 15 0.0323472 0.777027
220.199 -125.087 -4.23609 -41.3419 15 0.0323472 0.777027
220.487 -123.006 -2.19044 -41.4363 15 0.0323472 0.777027
220.775 -120.926 -0.144785 -41.5307 15 0.0323472 0.777027
221.064 -118.846 1.90087 -41.6251 15 0.0323472 0.777027
221.352 -116.766 3.94652 -41.7196 15 0.0323472 0.777027
221.641 -114.686 5.99218 -41.814 15 0.0323472 0.777027
221.929 -112.605 8.03783 -41.9084 15 0.0323472 0.777027
222.217 -110.525 10.0835 -42.0028 15 0.0323472 0.777027
222.506 -108.445 12.1291 -42.0972 15 0.0323472 0.777027
222.794 -106.365 14.1748 -42.1916 15 0.0323472 0.777027
223.083 -104.285 16.2204 -42.286 15 0.0323472 0.777027
223.371 -102.205 18.2661 -42.3804 15 0.0323472 0.777027
223.659 -100.124 20.3118 -42.4748 15 0.0323472 0.777027
223.948 -98.0441 22.3574 -42.5692 15 0.031589 0.717901
224.3 -98.0441 22.3574 -42.5692 15 0.031589 0.717901
224.652 -95.4056 24.6618 -42.6799 15 0.0252874 0.595595
225.005 -92.5937 26.5674 -42.7658 15 0.0133405 0.468508
225.357 -89.6416 28.0614 -42.81 15 -0.00207137 0.337259
225.709 -86.5839 29.1336 -42.8033 15 -0.0185824 0.202766
226.061 -83.4554 29.7768 -42.7439 15 -0.0337809 0.0662133
226.414 -80.2919 29.9866 -42.6368 15 -0.0453995 6.21215
226.766 -77.1289 29.7615 -42.4927 15 -0.0515074 6.07565
227.118 -74.0024 29.1032 -42.328 15 -0.052319 6.00811
227.531 -74.0024 29.1032 -42.328 15 -0.052319 6.00811
227.944 -70.3771 28.08 -42.1307 15 -0.052319 6.00811
228.356 -66.7518 27.0569 -41.9335 15 -0.052319 6.00811
228.769 -63.1265 26.0337 -41.7362 15 -0.052319 6.00811
229.181 -59.5012 25.0106 -41.5389 15 -0.052319 6.00811
229.594 -55.8759 23.9874 -41.3417 15 -0.052319 6.00811
230.007 -52.2506 22.9643 -41.1444 15 -0.052319 6.00811
230.419 -48.6253 21.9411 -40.9471 15 -0.052319 6.00811
230.832 -45 20.918 -40.7499 15 -0.052319 6.00811
231.253 -45 20.918 -40.7499 15 -0.052319 6.00811
231.673 -41.3046 19.875 -40.5488 15 -0.052319 6.00811
232.094 -37.6091 18.8321 -40.3477 15 -0.052319 6.00811
232.514 -33.9137 17.7891 -40.1467 15 -0.052319 6.00811
232.935 -30.2182 16.7462 -39.9456 15 -0.052157 6.02509
233.321 -30.2182 16.7462 -39.9456 15 -0.052157 6.02509
233.708 -26.8149 15.8477 -39.7618 15 -0.0508383 6.05916
234.094 -23.3942 15.0683 -39.5833 15 -0.0481663 6.09338
234.48 -19.9585 14.4083 -39.4147 15 -0.0443229 6.12773
234.866 -16.5104 13.8679 -39.2599 15 -0.0394981 6.16218
235.253 -13.0523 13.4474 -39.1222 15 -0.0338897 6.1967
235.639 -9.58667 13.1469 -39.0043 15 -0.0277027 6.23129
236.025 -6.11607 12.9667 -38.908 15 -0.0211481 6.26591
236.411 -2.64298 12.9066 -38.8345 15 -0.0144422 0.0173566
236.798 0.830114 12.9669 -38.7843 15 -0.00780515 0.0519769
237.184 4.3007 13.1475 -38.7572 15 -0.00145988 0.0865623
237.57 7.76629 13.4482 -38.7521 15 0.00436926 0.12109
237.957 11.2244 13.869 -38.7673 15 0.00945774 0.155537
238.343 14.6725 14.4097 -38.8004 15 0.013582 0.189882
238.729 18.1081 15.07 -38.8479 15 0.0165204 0.224102
239.115 21.5288 15.8497 -38.9058 15 0.0180543 0.258178
239.502 24.9321 16.7484 -38.9694 15 0.0182848 0.275072
239.93 24.9321 16.7484 -38.9694 15 0.0182848 0.275072
240.359 28.7026 17.8125 -39.041 15 0.0182848 0.275072
240.788 32.4731 18.8767 -39.1127 15 0.0182848 0.275072
241.217 36.2436 19.9408 -39.1843 15 0.0182848 0.275072
241.646 40.0141 21.0049 -39.256 15 0.0182848 0.275072
242.075 43.7846 22.0691 -39.3276 15 0.0182848 0.275072
242.503 47.5551 23.1332 -39.3993 15 0.0182848 0.275072
242.932 51.3256 24.1974 -39.4709 15 0.0182848 0.275072
243.361 55.0961 25.2615 -39.5425 15 0.0182848 0.275072
243.79 58.8666 26.3256 -39.6142 15 0.0182848 0.275072
244.219 62.6371 27.3898 -39.6858 15 0.0182848 0.275072
244.648 66.4076 28.4539 -39.7575 15 0.0182848 0.275072
245.076 70.1781 29.518 -39.8291 15 0.0182848 0.275072
245.505 73.9486 30.5822 -39.9008 15 0.0182848 0.275072
245.934 77.7191 31.6463 -39.9724 15 0.0182848 0.275072
246.363 81.4896 32.7105 -40.0441 15 0.0182848 0.275072
246.792 85.2601 33.7746 -40.1157 15 0.0182848 0.275072
247.221 89.0307 34.8387 -40.1873 15 0.0182848 0.275072
247.65 92.8012 35.9029 -40.259 15 0.0182848 0.275072
248.078 96.5717 36.967 -40.3306 15 0.0182848 0.275072
248.507 100.342 38.0311 -40.4023 15 0.0182848 0.275072
248.936 104.113 39.0953 -40.4739 15 0.0182848 0.275072
249.365 107.883 40.1594 -40.5456 15 0.0182848 0.275072
249.794 111.654 41.2235 -40.6172 15 0.0182848 0.275072
250.223 115.424 42.2877 -40.6889 15 0.0182848 0.275072
250.651 119.195 43.3518 -40.7605 15 0.0182848 0.275072
251.08 122.965 44.416 -40.8321 15 0.0182848 0.275072
251.509 126.736 45.4801 -40.9038 15 0.0182848 0.275072
251.938 130.506 46.5442 -40.9754 15 0.0182848 0.275072
252.367 134.277 47.6084 -41.0471 15 0.0182848 0.275072
252.796 138.047 48.6725 -41.1187 15 0.0182848 0.275072
253.224 141.818 49.7366 -41.1904 15 0.0182848 0.275072
253.653 145.588 50.8008 -41.262 15 0.0182848 0.275072
254.067 145.588 50.8008 -41.262 15 0.0182848 0.275072
254.481 149.228 51.8281 -41.3312 15 0.0182848 0.275072
254.895 152.868 52.8554 -41.4003 15 0.0182848 0.275072
255.309 156.508 53.8826 -41.4695 15 0.0182848 0.275072
255.723 160.148 54.9099 -41.5387 15 0.0182848 0.275072
256.137 163.788 55.9372 -41.6078 15 0.0182848 0.275072
256.551 167.428 56.9645 -41.677 15 0.0182848 0.275072
256.965 171.068 57.9918 -41.7461 15 0.0182848 0.275072
257.379 174.708 59.0191 -41.8153 15 0.0182848 0.275072
257.793 178.348 60.0464 -41.8845 15 0.0182848 0.275072
258.207 181.988 61.0737 -41.9536 15 0.0182848 0.275072
258.621 185.628 62.101 -42.0228 15 0.0182848 0.275072
259.035 189.268 63.1283 -42.092 15 0.0182848 0.275072
259.449 192.908 64.1555 -42.1611 15 0.0182848 0.275072
259.863 196.547 65.1828 -42.2303 15 0.0182848 0.275072
260.277 200.187 66.2101 -42.2995 15 0.0182848 0.275072
260.691 203.827 67.2374 -42.3686 15 0.0182848 0.275072
261.105 207.467 68.2647 -42.4378 15 0.0182848 0.275072
261.519 211.107 69.292 -42.5069 15 0.0182848 0.275072
261.933 214.747 70.3193 -42.5761 15 0.0182848 0.275072
262.347 218.387 71.3466 -42.6453 15 0.0182848 0.275072
262.761 222.027 72.3739 -42.7144 15 0.0182848 0.275072
263.175 225.667 73.4011 -42.7836 15 0.0182848 0.275072
263.589 229.307 74.4284 -42.8528 15 0.0182848 0.275072
264.003 232.947 75.4557 -42.9219 15 0.0182848 0.275072
264.417 236.587 76.483 -42.9911 15 0.0182848 0.275072
264.831 240.227 77.5103 -43.0602 15 0.0182848 0.275072
265.245 243.867 78.5376 -43.1294 15 0.0182848 0.275072
265.659 247.507 79.5649 -43.1986 15 0.0182848 0.275072
266.073 251.147 80.5922 -43.2677 15 0.0182848 0.275072
266.487 254.787 81.6195 -43.3369 15 0.0182848 0.275072
266.901 258.427 82.6468 -43.4061 15 0.0182848 0.275072
267.315 262.066 83.674 -43.4752 15 0.0177807 0.303794
267.736 262.066 83.674 -43.4752 15 0.0177807 0.303794
268.157 265.748 84.8281 -43.5438 15 0.0151129 0.360799
268.578 269.385 86.2003 -43.6026 15 0.0102766 0.417172
268.999 272.969 87.7889 -43.6429 15 0.00368818 0.472839
269.42 276.494 89.592 -43.6575 15 -0.00424122 0.527736
269.84 279.951 91.6072 -43.6405 15 -0.0131111 0.581807
270.261 283.334 93.8322 -43.5874 15 -0.0225355 0.635008
270.682 286.634 96.264 -43.495 15 -0.0321475 0.687305
271.103 289.845 98.8998 -43.3614 15 -0.0416016 0.738672
271.524 292.96 101.736 -43.1861 15 -0.0505763 0.789093
271.945 295.971 104.77 -42.9697 15 -0.0587751 0.838558
272.366 298.872 107.996 -42.7144 15 -0.0659273 0.887067
272.787 301.656 111.413 -42.4234 15 -0.0717865 0.934624
273.208 304.315 115.014 -42.1015 15 -0.0761304 0.981239
273.629 306.845 118.795 -41.7545 15 -0.0787581 1.02693
274.05 309.238 122.753 -41.3895 15 -0.0794883 1.0717
274.471 311.489 126.882 -41.0149 15 -0.0793432 1.09455
274.749 311.489 126.882 -41.0149 15 -0.0793432 1.09455
275.027 312.922 129.659 -40.7664 15 -0.0793432 1.09455
275.305 314.354 132.436 -40.5179 15 -0.0793432 1.09455
275.583 315.787 135.214 -40.2695 15 -0.0793432 1.09455
275.861 317.22 137.991 -40.021 15 -0.0793432 1.09455
276.139 318.652 140.768 -39.7725 15 -0.0793432 1.09455
276.417 320.085 143.545 -39.5241 15 -0.0793432 1.09455
276.695 321.518 146.323 -39.2756 15 -0.0793432 1.09455
276.973 322.95 149.1 -39.0271 15 -0.0793432 1.09455
277.251 324.383 151.877 -38.7786 15 -0.0793432 1.09455
277.529 325.816 154.655 -38.5302 15 -0.0793432 1.09455
277.807 327.248 157.432 -38.2817 15 -0.0793432 1.09455
278.085 328.681 160.209 -38.0332 15 -0.0793432 1.09455
278.363 330.114 162.986 -37.7847 15 -0.0793432 1.09455
278.641 331.546 165.764 -37.5363 15 -0.0793432 1.09455
278.919 332.979 168.541 -37.2878 15 -0.0793432 1.09455
279.197 334.412 171.318 -37.0393 15 -0.0793432 1.09455
279.552 334.412 171.318 -37.0393 15 -0.0793432 1.09455
279.906 336.24 174.862 -36.7223 15 -0.0793432 1.09455
280.261 338.068 178.406 -36.4052 15 -0.0793432 1.09455
280.616 339.896 181.95 -36.0882 15 -0.0793432 1.09455
280.97 341.724 185.493 -35.7711 15 -0.0793432 1.09455
281.325 343.552 189.037 -35.4541 15 -0.0793432 1.09455
281.68 345.38 192.581 -35.1371 15 -0.0793432 1.09455
282.035 347.208 196.125 -34.82 15 -0.0793432 1.09455
282.389 349.036 199.668 -34.503 15 -0.0793432 1.09455
282.744 350.864 203.212 -34.1859 15 -0.0793432 1.09455
283.099 352.692 206.756 -33.8689 15 -0.0793432 1.09455
283.454 354.52 210.3 -33.5518 15 -0.0793432 1.09455
283.808 356.348 213.843 -33.2348 15 -0.0793432 1.09455
284.163 358.176 217.387 -32.9177 15 -0.0793432 1.09455
284.518 360.005 220.931 -32.6007 15 -0.0793432 1.09455
284.872 361.833 224.475 -32.2837 15 -0.0793432 1.09455
285.227 363.661 228.018 -31.9666 15 -0.0799746 1.06599
285.49 363.661 228.018 -31.9666 15 -0.0799746 1.06599
285.753 365.073 230.575 -31.7325 15 -0.0802828 1.00767
286.015 366.6 232.993 -31.5025 15 -0.0791801 0.947801
286.278 368.233 235.266 -31.2804 15 -0.0766862 0.886357
286.541 369.967 237.391 -31.0697 15 -0.0728527 0.823312
286.803 371.794 239.362 -30.8735 15 -0.0677677 0.758657
287.066 373.708 241.176 -30.6945 15 -0.061561 0.692403
287.329 375.701 242.829 -30.5349 15 -0.0544081 0.624582
287.854 377.765 244.317 -30.3963 15 -0.042432 0.520125
288.38 382.079 246.788 -30.1852 15 -0.0257347 0.375985
288.905 386.587 248.567 -30.0605 15 -0.0109637 0.227482
289.43 391.225 249.641 -30.0083 15 -0.00175839 0.0761535
289.956 395.929 250 -30 15 -0 0
290.408 395.929 250 -30 15 -0 0
